0.721994 0.079255 -0.687345
0.721968 0.079252 -0.687373
0.721961 0.079257 -0.687380
0.722050 0.079255 -0.687286
0.722098 0.079249 -0.687237
0.721996 0.079246 -0.687344
0.722060 0.079270 -0.687274
0.722081 0.079266 -0.687252
0.721983 0.079263 -0.687356
0.721990 0.079265 -0.687348
0.722038 0.079269 -0.687297
0.722017 0.079268 -0.687319
0.722131 0.079279 -0.687198
0.724025 0.082941 -0.684769
0.724949 0.084541 -0.683595
0.737664 0.109109 -0.666294
0.736899 0.107553 -0.667392
0.764532 0.166491 -0.622712
0.759962 0.155932 -0.630985
0.787788 0.225420 -0.573215
0.784302 0.215552 -0.581728
0.721975 0.079202 -0.687371
0.722067 0.079185 -0.687276
0.722011 0.079186 -0.687335
0.721993 0.079205 -0.687352
0.722108 0.079181 -0.687234
0.722156 0.079153 -0.687187
0.722225 0.079154 -0.687114
0.722107 0.079160 -0.687237
0.722197 0.079175 -0.687141
0.722202 0.079139 -0.687140
0.722164 0.079199 -0.687173
0.722192 0.079172 -0.687147
0.722139 0.079218 -0.687197
0.722182 0.079201 -0.687154
0.722084 0.079236 -0.687253
0.722171 0.079228 -0.687163
0.722125 0.079248 -0.687208
0.721934 0.079200 -0.687414
0.721995 0.079173 -0.687353
0.722042 0.079157 -0.687306
0.722032 0.079154 -0.687317
0.721992 0.079160 -0.687358
0.722082 0.079146 -0.687265
0.722090 0.079188 -0.687252
0.722131 0.079221 -0.687205
0.722046 0.079248 -0.687292
0.721890 0.079197 -0.687461
0.721929 0.079170 -0.687423
0.721954 0.079151 -0.687400
0.721851 0.079193 -0.687502
0.721879 0.079162 -0.687477
0.721893 0.079137 -0.687465
0.721942 0.079146 -0.687412
0.721935 0.079141 -0.687420
0.721887 0.079126 -0.687472
0.721866 0.079128 -0.687494
0.721910 0.079151 -0.687445
0.721941 0.079182 -0.687409
0.721829 0.079142 -0.687531
0.721841 0.079175 -0.687515
0.721954 0.079214 -0.687392
0.721938 0.079240 -0.687405
0.721850 0.079210 -0.687502
0.721873 0.079243 -0.687474
0.721825 0.079186 -0.687531
0.721843 0.079151 -0.687515
0.721804 0.079179 -0.687553
0.721814 0.079139 -0.687548
0.721850 0.079120 -0.687512
0.721812 0.079103 -0.687554
0.721837 0.079108 -0.687527
0.721793 0.079089 -0.687575
0.721810 0.079117 -0.687554
0.721768 0.079098 -0.687601
0.721780 0.079141 -0.687583
0.721742 0.079114 -0.687626
0.721776 0.079148 -0.687586
0.721712 0.079149 -0.687654
0.721787 0.079204 -0.687569
0.721727 0.079204 -0.687631
0.721786 0.079235 -0.687566
0.721729 0.079265 -0.687622
0.721787 0.079169 -0.687572
0.721792 0.079121 -0.687573
0.721783 0.079084 -0.687587
0.721760 0.079066 -0.687612
0.721733 0.079068 -0.687641
0.723568 0.076962 -0.685949
0.723312 0.077226 -0.686189
0.721765 0.079066 -0.687607
0.721740 0.079038 -0.687636
0.721709 0.079037 -0.687669
0.721701 0.079092 -0.687671
0.721671 0.079141 -0.687698
0.721689 0.079202 -0.687672
0.721680 0.079254 -0.687674
0.721673 0.079064 -0.687704
0.721643 0.079129 -0.687728
0.737214 0.059874 -0.673001
0.726477 0.073312 -0.683269
0.726925 0.072845 -0.682842
0.745090 0.049690 -0.665110
0.725615 0.074306 -0.684077
0.738282 0.058418 -0.671958
0.723086 0.077352 -0.686414
0.728368 0.070880 -0.681510
0.721701 0.079000 -0.687682
0.728415 0.070804 -0.681468
0.722418 0.078109 -0.687031
0.735066 0.062457 -0.675113
0.722691 0.077891 -0.686768
0.721668 0.079146 -0.687700
0.721673 0.079154 -0.687694
0.737530 0.059533 -0.672685
0.779993 0.001723 -0.625786
0.766262 0.021309 -0.642175
0.790333 -0.013743 -0.612523
0.751593 0.041244 -0.658337
0.790770 -0.014319 -0.611946
0.749061 0.044661 -0.660994
0.756218 0.035217 -0.653372
0.790103 -0.012980 -0.612837
0.796913 -0.023209 -0.603648
0.827559 0.308399 -0.469080
0.833903 0.280260 -0.475458
0.817509 0.296953 -0.493456
0.815230 0.276581 -0.508825
0.812627 0.297357 -0.501215
0.822108 0.238726 -0.516864
0.815709 0.305437 -0.491251
0.822197 0.317123 -0.472678
0.810324 0.305253 -0.500196
0.810468 0.304072 -0.500682
0.810540 0.303756 -0.500757
0.811349 0.309945 -0.495628
0.810674 0.303155 -0.500904
0.809921 0.307173 -0.499673
0.811749 0.303066 -0.499214
0.808245 0.325565 -0.490660
0.814618 0.324032 -0.481042
0.808800 0.311888 -0.498566
0.804542 0.325054 -0.497043
0.809669 0.309636 -0.498560
0.810136 0.306599 -0.499676
0.808916 0.314755 -0.496572
0.810231 0.306121 -0.499815
0.808071 0.319901 -0.494655
0.806863 0.321200 -0.495785
0.810182 0.306594 -0.499605
0.810302 0.305814 -0.499888
0.810677 0.303350 -0.500781
0.808647 0.316612 -0.495830
0.810179 0.306680 -0.499556
0.810721 0.303069 -0.500880
0.809159 0.313412 -0.497026
0.810169 0.306829 -0.499481
0.810758 0.302911 -0.500915
0.808661 0.316638 -0.495790
0.809920 0.308481 -0.498868
0.810674 0.303342 -0.500791
0.807996 0.320751 -0.494227
0.773720 0.150823 -0.615313
0.753659 0.168440 -0.635316
0.771422 0.177877 -0.610956
0.753387 0.147253 -0.640878
0.752444 0.190091 -0.630629
0.685596 0.194874 -0.701414
0.698220 0.167235 -0.696076
0.678595 0.186750 -0.710376
0.720118 0.180681 -0.669913
0.705689 0.200345 -0.679606
0.678470 0.204706 -0.705531
0.672391 0.190016 -0.715391
0.688473 0.160504 -0.707279
0.682803 0.167931 -0.711041
0.671280 0.199212 -0.713931
0.675183 0.169902 -0.717817
0.786288 0.177001 -0.591965
0.814113 0.134533 -0.564907
0.812573 0.164302 -0.559222
0.793438 0.183888 -0.580208
0.742606 0.198149 -0.639744
0.730068 0.199903 -0.653483
0.778921 0.187751 -0.598358
0.678958 0.206963 -0.704402
0.706900 0.204189 -0.677199
0.664812 0.204699 -0.718417
0.663703 0.208119 -0.718460
0.653012 0.176794 -0.736423
0.665995 0.161475 -0.728269
0.659973 0.199070 -0.724435
0.642270 0.144003 -0.752830
0.625942 0.152090 -0.764895
0.811111 -0.046569 -0.583036
0.821629 -0.064490 -0.566362
0.845481 -0.109388 -0.522681
0.844448 -0.107509 -0.524738
0.836339 -0.092207 -0.540402
0.836776 -0.093708 -0.539466
0.826612 -0.073245 -0.557985
0.858392 -0.138480 -0.493949
0.837196 -0.092348 -0.539049
0.859873 -0.140371 -0.490830
0.760140 0.128913 -0.636843
0.810343 0.189679 -0.554406
0.815279 0.161680 -0.556040
0.770610 0.095990 -0.630037
0.841486 0.238660 -0.484709
0.855298 0.241631 -0.458344
0.843256 0.317376 -0.433811
0.856009 0.299242 -0.421549
0.823445 0.350897 -0.445880
0.826598 0.405030 -0.390751
0.855344 0.354600 -0.377685
0.866650 0.321422 -0.381583
0.865590 0.288664 -0.409179
0.793874 0.363647 -0.487365
0.802753 0.326857 -0.498751
0.781017 0.353108 -0.515098
0.766304 0.388366 -0.511810
0.807337 0.324518 -0.492844
0.805044 0.331836 -0.491720
0.798265 0.335545 -0.500182
0.805837 0.333185 -0.489504
0.754820 0.418035 -0.505465
0.774581 0.425925 -0.467561
0.806787 0.327822 -0.491555
0.806985 0.326859 -0.491873
0.805713 0.334099 -0.489085
0.805089 0.337501 -0.487776
0.806612 0.329071 -0.491008
0.806388 0.330346 -0.490520
0.865285 -0.151898 -0.477712
0.859186 -0.136727 -0.493058
0.871330 -0.140671 -0.470102
0.868627 -0.149523 -0.472365
0.848644 -0.101915 -0.519054
0.884352 -0.129827 -0.448405
0.863999 -0.097025 -0.494056
0.895795 -0.115415 -0.429222
0.884746 -0.075867 -0.459856
0.831916 0.147540 -0.534928
0.868236 0.108968 -0.484038
0.802834 0.173780 -0.570314
0.766373 0.189558 -0.613792
0.763703 0.179830 -0.620015
0.793634 0.165433 -0.585472
0.685953 0.207347 -0.697478
0.672103 0.208865 -0.710390
0.698231 0.204643 -0.685999
0.736866 0.194482 -0.647461
0.670977 0.208812 -0.711468
0.646213 0.188343 -0.739551
0.638141 0.196484 -0.744426
0.647246 0.207719 -0.733434
0.627035 0.162804 -0.761789
0.620145 0.169180 -0.766027
0.602278 0.133138 -0.787106
0.603022 0.120977 -0.788498
0.594561 0.131947 -0.793150
0.574008 0.101278 -0.812563
0.578908 0.093969 -0.809960
0.565509 0.099933 -0.818665
0.558819 0.078783 -0.825539
0.578330 0.081052 -0.811766
0.553029 0.076885 -0.829607
0.558889 0.064846 -0.826703
0.546787 0.064166 -0.834809
0.541352 0.053651 -0.839083
0.537373 0.047387 -0.842013
0.553101 0.052161 -0.831479
0.531348 0.036585 -0.846363
0.526734 0.041548 -0.849014
0.543990 0.048213 -0.837705
0.523562 0.033191 -0.851341
0.912891 -0.121459 -0.389714
0.923327 -0.102539 -0.370072
0.919453 -0.095388 -0.381455
0.929407 -0.080406 -0.360190
0.945962 -0.084912 -0.312962
0.939834 -0.051138 -0.337783
0.955286 -0.062985 -0.288896
0.949442 -0.025254 -0.312925
0.962513 -0.037167 -0.268676
0.933600 0.014907 -0.358006
0.961007 -0.007260 -0.276430
0.912044 0.062981 -0.405227
0.943615 0.028110 -0.329851
0.902729 0.083991 -0.421931
0.915565 0.062799 -0.397236
0.868817 0.097838 -0.485370
0.824815 0.143897 -0.546785
0.492134 0.059194 -0.868504
0.493580 0.049771 -0.868275
0.514836 0.064759 -0.854839
0.510148 0.047150 -0.858793
0.524200 0.060619 -0.849435
0.498834 0.041575 -0.865700
0.510120 0.071857 -0.857096
0.494846 0.069347 -0.866209
0.522541 0.082584 -0.848605
0.505938 0.078245 -0.859013
0.533763 0.083851 -0.841467
0.534589 0.079001 -0.841411
0.583405 0.082650 -0.807965
0.573243 0.071071 -0.816298
0.632668 0.074818 -0.770801
0.609219 0.063734 -0.790437
0.881197 -0.151610 -0.447779
0.884713 -0.146045 -0.442667
0.872800 -0.158214 -0.461724
0.780138 0.142092 -0.609258
0.700987 0.195059 -0.685980
0.736817 0.177022 -0.652506
0.668847 0.205456 -0.714445
0.668095 0.194991 -0.718072
0.701237 0.172913 -0.691642
0.616256 0.200914 -0.761486
0.603274 0.179025 -0.777182
0.604517 0.204493 -0.769898
0.635687 0.202995 -0.744779
0.581684 0.189203 -0.791104
0.580570 0.136896 -0.802619
0.556664 0.102391 -0.824403
0.564767 0.156222 -0.810329
0.553907 0.121987 -0.823594
0.548164 0.073534 -0.833132
0.540229 0.048464 -0.840122
0.542654 0.091170 -0.834994
0.538166 0.058083 -0.840835
0.533278 0.034612 -0.845232
0.524116 0.028186 -0.851180
0.533380 0.033511 -0.845212
0.523886 0.021844 -0.851508
0.512090 0.032602 -0.858313
0.517658 0.024755 -0.855229
0.498610 0.042678 -0.865775
0.512549 0.035322 -0.857931
0.892484 -0.143429 -0.427668
0.908162 -0.126301 -0.399111
0.936114 -0.096846 -0.338099
0.954762 -0.066630 -0.289810
0.964097 -0.039534 -0.262592
0.969217 -0.018561 -0.245506
0.967632 -0.008296 -0.252228
0.953358 0.007475 -0.301748
0.914979 0.028021 -0.402526
0.878071 0.059715 -0.474790
0.837595 0.094911 -0.537984
0.810824 0.088342 -0.578584
0.788330 0.118069 -0.603818
0.795588 0.094772 -0.598380
0.740782 0.149971 -0.654790
0.773257 0.114858 -0.623603
0.486491 0.053942 -0.872019
0.490507 0.052092 -0.869879
0.487344 0.061552 -0.871038
0.489481 0.071674 -0.869063
0.494194 0.060811 -0.867222
0.504470 0.048926 -0.862042
0.492102 0.074093 -0.867379
0.497454 0.084139 -0.863400
0.514001 0.082791 -0.853785
0.513003 0.090939 -0.853556
0.550737 0.077579 -0.831066
0.552415 0.092540 -0.828416
0.602009 0.066863 -0.795685
0.615005 0.080830 -0.784369
0.862615 -0.147156 -0.483984
0.863422 -0.150174 -0.481611
0.869681 -0.164986 -0.465225
0.870112 -0.166978 -0.463707
0.861417 -0.147938 -0.485875
0.867670 -0.165598 -0.468749
0.868913 -0.167557 -0.465742
0.868996 -0.165766 -0.466226
0.865809 -0.161544 -0.473580
0.863152 -0.154048 -0.480872
0.868383 -0.159714 -0.469470
0.870644 -0.169131 -0.461924
0.870259 -0.169491 -0.462518
0.870626 -0.168302 -0.462261
0.870360 -0.168072 -0.462844
0.869635 -0.168239 -0.464145
0.868070 -0.165870 -0.467911
0.866959 -0.164566 -0.470425
0.867170 -0.164541 -0.470046
0.870176 -0.160982 -0.465702
0.876225 -0.155894 -0.455989
0.651336 0.179733 -0.737195
0.601323 0.197331 -0.774255
0.611469 0.175927 -0.771463
0.570600 0.192790 -0.798278
0.577091 0.187375 -0.794894
0.547045 0.164255 -0.820830
0.554873 0.173263 -0.813693
0.537509 0.119412 -0.834760
0.527489 0.128397 -0.839803
0.537985 0.148060 -0.829850
0.532665 0.076104 -0.842898
0.525421 0.076914 -0.847359
0.530398 0.044688 -0.846570
0.527501 0.032809 -0.848921
0.528321 0.020955 -0.848786
0.528284 0.015444 -0.848927
0.525913 0.012195 -0.850451
0.530253 0.009490 -0.847786
0.523900 0.016072 -0.851628
0.532850 0.014147 -0.846091
0.529628 0.024803 -0.847867
0.554590 0.018935 -0.831908
0.552252 0.031614 -0.833077
0.877387 -0.152943 -0.454753
0.892542 -0.138052 -0.429314
0.913331 -0.113619 -0.391045
0.929201 -0.094496 -0.357291
0.946175 -0.064428 -0.317178
0.957575 -0.047727 -0.284206
0.953715 -0.036385 -0.298504
0.966662 -0.011899 -0.255780
0.961041 -0.027899 -0.274993
0.970253 -0.011424 -0.241825
0.967733 -0.014381 -0.251567
0.961135 -0.013365 -0.275756
0.947344 -0.013448 -0.319934
0.920054 -0.030737 -0.390583
0.882409 0.019967 -0.470058
0.884348 -0.031209 -0.465784
0.870781 -0.166652 -0.462567
0.871083 -0.166162 -0.462173
0.870560 -0.165073 -0.463547
0.869447 -0.164837 -0.465715
0.868829 -0.162553 -0.467667
0.867876 -0.162563 -0.469430
0.867821 -0.162688 -0.469488
0.530184 0.106942 -0.841111
0.523625 0.069286 -0.849127
0.529359 0.035725 -0.847645
0.533914 0.013209 -0.845436
0.541361 0.008141 -0.840751
0.545673 0.009006 -0.837950
0.870695 -0.160875 -0.464767
0.870419 -0.158972 -0.465939
0.869801 -0.158796 -0.467151
0.871531 -0.156484 -0.464700
0.881130 -0.143677 -0.450518
0.893018 -0.124716 -0.432394
0.906947 -0.111230 -0.406295
0.903892 -0.102260 -0.415358
0.922067 -0.090656 -0.376262
0.914626 -0.088537 -0.394489
0.934763 -0.069678 -0.348373
0.926671 -0.063476 -0.370475
0.942544 -0.035205 -0.332220
0.956542 -0.002989 -0.291580
0.963593 0.008147 -0.267251
0.967467 -0.001552 -0.252993
0.969059 -0.013210 -0.246474
0.964584 -0.028543 -0.262227
0.960804 -0.026703 -0.275941
0.956253 -0.044171 -0.289188
0.948286 -0.037666 -0.315176
0.938099 -0.063817 -0.340438
0.905604 -0.087786 -0.414939
0.871070 -0.167338 -0.461775
0.871392 -0.164374 -0.462231
0.871264 -0.164049 -0.462587
0.872474 -0.159911 -0.461755
0.872036 -0.159816 -0.462614
0.872627 -0.156596 -0.462601
0.871855 -0.156869 -0.463962
0.873263 -0.154129 -0.462229
0.871342 -0.156171 -0.465161
0.874265 -0.150037 -0.461681
0.872238 -0.152516 -0.464693
0.876786 -0.140370 -0.459937
0.875289 -0.144498 -0.461507
0.876046 -0.137054 -0.462341
0.882869 -0.132825 -0.450444
0.879768 -0.130607 -0.457110
0.894631 -0.106655 -0.433889
0.913724 -0.070348 -0.400200
0.929528 -0.029264 -0.367588
0.942234 0.008925 -0.334836
0.959625 0.019094 -0.280635
0.953260 0.024878 -0.301126
0.961311 0.015835 -0.275012
0.956142 0.024597 -0.291870
0.964096 -0.011887 -0.265288
0.957388 -0.000583 -0.288803
0.951637 -0.054212 -0.302404
0.928827 -0.106890 -0.354759
0.915697 -0.127722 -0.381034
0.907230 -0.139993 -0.396655
0.890665 -0.114669 -0.439962
0.881041 -0.083316 -0.465646
0.861220 -0.064075 -0.504177
0.898785 -0.147202 -0.412938
0.879801 -0.128597 -0.457617
0.843310 -0.058149 -0.534273
0.826914 -0.055257 -0.559607
0.859247 -0.111320 -0.499303
0.849516 -0.097214 -0.518529
0.814780 -0.050664 -0.577552
0.773357 0.002567 -0.633966
0.843406 -0.085272 -0.530466
0.874732 -0.152028 -0.460143
0.873786 -0.154113 -0.461245
0.874617 -0.153046 -0.460024
0.875625 -0.148888 -0.459471
0.876374 -0.146789 -0.458718
0.881765 -0.133242 -0.452478
0.883738 -0.126843 -0.450464
0.882847 -0.125368 -0.452618
0.879645 -0.128084 -0.458061
0.887658 -0.113620 -0.446267
0.889582 -0.110824 -0.443128
0.899739 -0.089233 -0.427209
0.900679 -0.086367 -0.425814
0.908216 -0.069455 -0.412699
0.907286 -0.070832 -0.414505
0.916571 -0.041567 -0.397706
0.920090 -0.036046 -0.390045
0.936467 0.029471 -0.349514
0.930575 0.003758 -0.366083
0.924071 -0.014829 -0.381933
0.942684 0.031321 -0.332212
0.949700 0.014263 -0.312836
0.950657 -0.025412 -0.309200
0.942910 -0.069622 -0.325690
0.932156 -0.118932 -0.341966
0.921153 -0.156234 -0.356466
0.919085 -0.149846 -0.364457
0.915081 -0.175921 -0.362875
0.907339 -0.175786 -0.381884
0.899369 -0.179206 -0.398774
0.898538 -0.176704 -0.401752
0.876198 -0.138382 -0.461658
0.894982 -0.158327 -0.417060
0.874773 -0.120208 -0.469384
0.872690 -0.160216 -0.461240
0.877091 -0.145241 -0.457838
0.879721 -0.138295 -0.454935
0.879672 -0.137985 -0.455123
0.883224 -0.130383 -0.450461
0.888553 -0.118958 -0.443084
0.888102 -0.119315 -0.443891
0.889830 -0.114574 -0.441673
0.893257 -0.109313 -0.436053
0.896983 -0.102562 -0.430002
0.894919 -0.104365 -0.433852
0.906968 -0.077971 -0.413919
0.916084 -0.048261 -0.398071
0.925602 -0.010478 -0.378352
0.932614 0.030354 -0.359598
0.928417 0.006466 -0.371483
0.932042 0.033868 -0.360764
0.935489 0.035028 -0.351614
0.938643 0.012954 -0.344646
0.931557 0.033496 -0.362048
0.931808 0.017234 -0.362542
0.941446 -0.031893 -0.335651
0.929760 -0.100141 -0.354286
0.927631 -0.040634 -0.371281
0.919216 -0.109402 -0.378250
0.924289 -0.141913 -0.354330
0.917703 -0.152564 -0.366805
0.913756 -0.183117 -0.362654
0.912891 -0.196087 -0.358022
0.913576 -0.203621 -0.352019
0.906890 -0.195626 -0.373204
0.914152 -0.197890 -0.353786
0.913689 -0.179862 -0.364448
0.914402 -0.147603 -0.376938
0.892341 -0.103069 -0.439437
0.920656 -0.129149 -0.368392
0.932166 -0.110867 -0.344638
0.904516 -0.077412 -0.419356
0.876146 -0.071435 -0.476723
0.936646 -0.079741 -0.341079
0.867312 -0.045606 -0.495671
0.904015 -0.047829 -0.424816
0.855370 -0.010318 -0.517915
0.897689 -0.017859 -0.440267
0.839116 0.025074 -0.543374
0.899151 0.015510 -0.437364
0.855754 0.058051 -0.514116
0.794159 0.051443 -0.605528
0.931194 -0.052109 -0.360779
0.932237 -0.031170 -0.360503
0.933559 -0.000973 -0.358423
0.917969 0.056067 -0.392669
0.798360 0.072433 -0.597809
0.882939 0.104344 -0.457746
0.862043 0.124763 -0.491240
0.808317 0.094074 -0.581183
0.884747 -0.126247 -0.448648
0.885250 -0.125248 -0.447934
0.883519 -0.129089 -0.450256
0.888282 -0.119262 -0.443544
0.888765 -0.118237 -0.442851
0.890258 -0.115308 -0.440618
0.895263 -0.106569 -0.432606
0.899483 -0.099145 -0.425559
0.908923 -0.082729 -0.408674
0.916319 -0.062454 -0.395549
0.924635 -0.034143 -0.379320
0.929494 -0.003152 -0.368823
0.931967 0.023560 -0.361777
0.931994 0.036732 -0.360609
0.930597 0.034119 -0.364452
0.925775 0.005398 -0.378037
0.917345 -0.043951 -0.395659
0.914368 -0.087811 -0.395247
0.912359 -0.134094 -0.386808
0.913011 -0.165701 -0.372766
0.913599 -0.195321 -0.356632
0.914982 -0.184247 -0.358971
0.913982 -0.205928 -0.349615
0.916957 -0.198100 -0.346333
0.921706 -0.197274 -0.333978
0.929274 -0.181819 -0.321545
0.929715 -0.168962 -0.327234
0.941457 -0.145830 -0.303960
0.934474 -0.136616 -0.328778
0.948538 -0.125151 -0.290884
0.956241 -0.099839 -0.275018
0.959795 -0.064127 -0.273278
0.954372 -0.031430 -0.296960
0.960563 0.014820 -0.277668
0.950473 0.076537 -0.301235
0.748938 0.427801 -0.506041
0.744460 0.401288 -0.533617
0.781577 0.372764 -0.500185
0.733953 0.441011 -0.516549
0.758774 0.425312 -0.493327
0.784629 0.375728 -0.493139
0.957283 0.234366 -0.169357
0.950138 0.228939 -0.211719
0.954437 0.224471 -0.196630
0.942587 -0.103812 -0.317417
0.941251 -0.126769 -0.313010
0.954166 -0.103625 -0.280764
0.930418 -0.136495 -0.340134
0.945834 -0.129752 -0.297594
0.954731 -0.108594 -0.276939
0.954254 -0.123443 -0.272324
0.968045 -0.088067 -0.234805
0.967595 -0.100074 -0.231832
0.976886 -0.072513 -0.201087
0.977027 -0.081768 -0.196805
0.983220 -0.060300 -0.172168
0.982720 -0.069515 -0.171551
0.992120 -0.034943 -0.120318
0.992634 -0.034930 -0.116006
0.998730 0.004916 -0.050146
0.993886 -0.019042 -0.108753
0.999469 0.023832 -0.022242
0.997442 0.037602 -0.060792
0.996079 0.072566 0.050603
0.992415 0.122684 0.007867
0.986690 0.123951 0.105258
0.945466 0.272715 0.178105
0.943768 0.314991 0.100416
0.944465 0.298067 0.138356
0.943344 0.318867 0.091789
0.938062 0.344850 0.033446
0.940727 0.336059 0.045787
0.982262 0.179410 0.054524
0.971473 0.190178 0.141679
0.965730 0.244194 0.087950
0.951116 0.242510 0.191228
0.953977 0.298676 0.026857
0.958353 0.234501 -0.163002
0.953694 0.219043 -0.206127
0.962902 0.217542 -0.159673
0.962321 0.194319 -0.190208
0.968918 0.203852 -0.140152
0.971569 0.149567 -0.183530
0.976953 0.163552 -0.137165
0.963489 0.125545 -0.236492
0.983540 0.097311 -0.152249
0.968379 0.075763 -0.237701
0.986748 0.031650 -0.159146
0.957438 0.061540 -0.282003
0.987143 -0.000269 -0.159837
0.950597 0.086932 -0.298007
0.979338 0.020496 -0.201188
0.898516 0.198255 -0.391618
0.965189 0.081020 -0.248687
0.884622 0.252391 -0.392101
0.928743 0.203451 -0.309911
0.849721 0.343049 -0.400364
0.859618 0.303482 -0.411043
0.771319 0.403989 -0.491792
0.898117 0.290759 -0.329918
0.705445 0.527629 -0.473239
0.690954 0.505460 -0.516810
0.700304 0.509749 -0.499730
0.721463 0.522904 -0.453940
0.709655 0.514145 -0.481709
0.720337 0.538065 -0.437722
0.741496 0.508433 -0.437812
0.736010 0.464632 -0.492348
0.709058 0.517362 -0.479137
0.698283 0.528553 -0.482734
0.693457 0.516299 -0.502547
0.708071 0.538650 -0.456608
0.715547 0.537081 -0.446695
0.744917 0.528238 -0.407510
0.767444 0.500573 -0.400570
0.826829 0.414212 -0.380503
0.717269 0.539163 -0.441394
0.966815 -0.077477 -0.243446
0.958809 -0.076710 -0.273498
0.970561 -0.078497 -0.227704
0.982759 -0.052423 -0.177301
0.986854 -0.042141 -0.156021
0.991711 -0.029121 -0.125142
0.998704 0.012118 -0.049436
0.997993 0.057219 0.027126
0.994312 0.080746 0.069454
0.979525 0.134809 0.149523
0.971762 0.154987 0.177925
0.957581 0.191847 0.215021
0.946655 0.228243 0.227484
0.942103 0.223956 0.249570
0.940795 0.252864 0.225756
0.943210 0.243407 0.226069
0.950807 0.259255 0.169567
0.954480 0.274745 0.116117
0.960853 0.233285 -0.149465
0.954996 0.250300 -0.159161
0.969995 0.200036 -0.138183
0.983622 0.130900 -0.123910
0.991416 0.051739 -0.120071
0.992499 -0.001283 -0.122246
0.989210 -0.011981 -0.146014
0.984399 0.014027 -0.175393
0.975739 0.073378 -0.206273
0.957702 0.165805 -0.235193
0.908703 0.295516 -0.294839
0.734006 0.532313 -0.421756
0.731676 0.540643 -0.415157
0.760170 0.525061 -0.382691
0.775405 0.510430 -0.371764
0.796974 0.478774 -0.368251
0.851234 0.405581 -0.333024
0.734656 0.536205 -0.415650
0.742869 0.534041 -0.403665
0.751403 0.523053 -0.402255
0.745696 0.502219 -0.437850
0.720200 0.505817 -0.474828
0.749082 0.517520 -0.413580
0.737210 0.489548 -0.465688
0.730099 0.489704 -0.476598
0.734553 0.477581 -0.482025
0.754941 0.487594 -0.438539
0.963758 0.149607 -0.220879
0.969618 0.151905 -0.191744
0.970418 0.182404 -0.158168
0.976841 0.191247 -0.095950
0.970327 0.232065 -0.067912
0.968256 0.216175 -0.125490
0.976262 0.151763 -0.154533
0.988543 -0.035240 -0.146770
0.986116 -0.040422 -0.161066
0.976854 -0.063910 -0.204138
0.981293 -0.048984 -0.186182
0.992519 -0.019574 -0.120510
0.997913 0.012462 -0.063352
0.998055 0.059174 0.019627
0.960062 0.179317 0.214770
0.961432 0.176300 0.211107
0.947904 0.203351 0.245208
0.992879 0.092721 0.074792
0.980954 0.133953 0.140665
0.968091 0.163634 0.189797
0.945374 0.210862 0.248608
0.945829 0.219713 0.239028
0.961092 0.209210 0.180371
0.966243 0.225574 0.124460
0.979260 0.173685 0.104326
0.965734 0.242687 0.091983
0.979738 0.192174 0.056417
0.941431 0.267191 -0.205710
0.953081 0.242039 -0.181804
0.960042 0.219601 -0.173477
0.970543 0.175754 -0.164790
0.984096 0.095040 -0.150076
0.988148 0.011963 -0.153037
0.985325 -0.014286 -0.170092
0.983818 0.008901 -0.178952
0.977664 0.061953 -0.200836
0.969858 0.120610 -0.211726
0.935942 0.251591 -0.246402
0.800053 0.490208 -0.345850
0.857579 0.412715 -0.306961
0.897454 0.356799 -0.259367
0.836511 0.452718 -0.308700
0.872567 0.403793 -0.274914
0.754147 0.523845 -0.396042
0.779314 0.505106 -0.370860
0.812952 0.477318 -0.333581
0.765275 0.510581 -0.391997
0.771399 0.507127 -0.384404
0.770777 0.503053 -0.390949
0.756742 0.508933 -0.410279
0.763397 0.501976 -0.406504
0.992049 -0.020454 -0.124177
0.995412 0.002577 -0.095648
0.990818 -0.016250 -0.134219
0.997725 0.016637 -0.065330
0.995990 0.002803 -0.089416
0.998432 0.055601 -0.006543
0.997363 0.068646 0.023550
0.960338 0.185382 0.208291
0.957289 0.187221 0.220332
0.946695 0.208938 0.245181
0.941618 0.215826 0.258409
0.985586 0.125976 0.112918
0.972289 0.160017 0.170436
0.945160 0.211294 0.249054
0.957997 0.191507 0.213464
0.960195 0.190600 0.204197
0.976558 0.154548 0.149832
0.985663 0.136997 0.098487
0.994069 0.108203 0.010923
0.934039 0.265714 -0.238676
0.916631 0.282335 -0.282974
0.939623 0.225221 -0.257650
0.964448 0.139998 -0.224146
0.974674 0.063182 -0.214519
0.972591 0.016232 -0.231954
0.974451 -0.001439 -0.224596
0.973530 0.013464 -0.228162
0.973277 0.049697 -0.224191
0.961322 0.133470 -0.240927
0.936141 0.237974 -0.258861
0.909282 0.329483 -0.254259
0.847214 0.436807 -0.302370
0.883167 0.382719 -0.271186
0.814992 0.469762 -0.339282
0.778865 0.498673 -0.380387
0.801308 0.476647 -0.361542
0.831480 0.446067 -0.331158
0.835668 0.446220 -0.320231
0.782829 0.492073 -0.380844
0.785071 0.491391 -0.377092
0.783575 0.485816 -0.387288
0.765363 0.495396 -0.410855
0.777694 0.475879 -0.410770
0.776655 0.481686 -0.405939
0.998479 0.044217 -0.032945
0.994918 0.092988 0.038624
0.992213 0.104660 0.067533
0.969453 0.173611 0.173263
0.965716 0.178027 0.188940
0.960817 0.191527 0.200370
0.954685 0.201529 0.219003
0.954323 0.205740 0.216655
0.947691 0.211145 0.239372
0.953456 0.206186 0.220021
0.979424 0.150593 0.134355
0.950297 0.205365 0.234012
0.961584 0.190937 0.197231
0.980940 0.147434 0.126567
0.994716 0.094134 0.040970
0.996899 0.031132 -0.072272
0.906888 0.272266 -0.321598
0.907122 0.214084 -0.362350
0.886255 0.250071 -0.389894
0.932808 0.161583 -0.322118
0.952143 0.099377 -0.289047
0.949068 0.050905 -0.310932
0.947211 0.025153 -0.319623
0.949431 0.037868 -0.311682
0.949595 0.096407 -0.298288
0.943380 0.171430 -0.283982
0.927784 0.230038 -0.293768
0.909072 0.314313 -0.273488
0.871820 0.398997 -0.284132
0.887114 0.370941 -0.274648
0.834501 0.438226 -0.334014
0.846422 0.426269 -0.319163
0.858772 0.414156 -0.301638
0.796439 0.477285 -0.371327
0.825126 0.447078 -0.345382
0.808534 0.461549 -0.365029
0.808019 0.462617 -0.364817
0.993492 0.110488 -0.027663
0.990807 0.014839 -0.134466
0.991507 0.072797 -0.107770
0.972725 -0.027387 -0.230340
0.972735 0.033534 -0.229483
0.949296 -0.061224 -0.308363
0.923998 -0.065320 -0.376776
0.922980 -0.011657 -0.384672
0.953314 0.044548 -0.298677
0.878100 -0.073962 -0.472725
0.995624 0.089769 0.025968
0.991302 0.114888 0.064198
0.986188 0.133371 0.098213
0.975482 0.164027 0.146732
0.969191 0.177409 0.170864
0.970373 0.176542 0.164950
0.964980 0.186864 0.184107
0.962894 0.193071 0.188567
0.964035 0.191437 0.184359
0.962033 0.195798 0.190147
0.984342 0.146613 0.097850
0.996437 0.084201 0.004861
0.995562 0.017287 -0.092505
0.983913 -0.036730 -0.174832
0.872687 0.211703 -0.440000
0.888930 0.163721 -0.427784
0.915830 0.101685 -0.388478
0.893987 0.066391 -0.443147
0.906266 0.070246 -0.416829
0.916033 0.107993 -0.386291
0.919816 0.140847 -0.366197
0.922779 0.182329 -0.339463
0.915953 0.266669 -0.299862
0.916903 0.230575 -0.325767
0.902131 0.317764 -0.291865
0.886008 0.366898 -0.283506
0.891485 0.356946 -0.279004
0.853009 0.418291 -0.312105
0.873772 0.395735 -0.282694
0.880140 0.382756 -0.280807
0.868982 0.404178 -0.285499
0.844771 0.426185 -0.323617
0.825629 0.446618 -0.344774
0.841797 0.434224 -0.320666
0.853004 0.423017 -0.305682
0.858313 0.414619 -0.302309
0.969795 -0.067385 -0.234429
0.959458 -0.080014 -0.270257
0.944412 -0.111778 -0.309178
0.945282 -0.091468 -0.313170
0.921203 -0.127618 -0.367559
0.924828 -0.103657 -0.365990
0.890045 -0.122450 -0.439119
0.853697 -0.120498 -0.506638
0.846633 -0.086983 -0.525020
0.803555 0.462568 -0.374606
0.841635 0.439291 -0.314123
0.975989 0.168202 0.138395
0.974516 0.168453 0.148130
0.977455 0.167931 0.127990
0.982859 0.154535 0.100531
0.991724 0.124113 0.032857
0.987965 0.140753 0.064134
0.995869 0.089811 -0.013363
0.993303 0.020339 -0.113736
0.980230 -0.041391 -0.193485
0.978515 -0.036597 -0.202903
0.970549 -0.067950 -0.231120
0.957380 -0.077253 -0.278307
0.904472 0.274349 -0.326593
0.894861 0.346837 -0.280940
0.893306 0.325592 -0.309830
0.890755 0.376817 -0.254097
0.883149 0.384846 -0.268219
0.889838 0.382075 -0.249414
0.879431 0.396664 -0.263170
0.883472 0.390457 -0.258884
0.865964 0.421779 -0.268717
0.867158 0.415010 -0.275325
0.875570 0.405489 -0.262596
0.931771 -0.123482 -0.341402
0.894261 -0.152311 -0.420832
0.878758 -0.155277 -0.451302
0.858724 -0.148313 -0.490505
0.866268 -0.163629 -0.472023
0.851418 -0.160122 -0.499448
0.838717 -0.132733 -0.528143
0.835984 -0.094409 -0.540571
0.822947 0.206651 -0.529201
0.832853 0.148847 -0.533105
0.828663 0.200167 -0.522734
0.832685 -0.030702 -0.552896
0.831093 -0.073901 -0.551201
0.833301 0.050360 -0.550520
0.831666 0.021003 -0.554879
0.832570 0.103784 -0.544111
0.830462 0.120031 -0.543991
0.823830 0.191640 -0.533460
0.983381 0.146571 0.107142
0.980191 0.153953 0.124600
0.989578 0.132411 0.056589
0.993345 0.114782 0.009518
0.995181 0.087842 -0.043580
0.995556 0.070752 -0.062144
0.992827 0.050350 -0.108440
0.984155 -0.001986 -0.177301
0.962382 -0.041882 -0.268454
0.886854 0.370509 -0.276068
0.895528 0.392261 -0.210145
0.885322 0.407929 -0.223156
0.896479 0.389597 -0.211045
0.889869 0.392032 -0.233331
0.900405 0.392874 -0.186871
0.880720 0.409944 -0.237230
0.890105 0.402356 -0.214061
0.895324 0.396657 -0.202628
0.893764 0.405929 -0.190811
0.931038 -0.080886 -0.355844
0.909519 -0.127077 -0.395760
0.894433 -0.098361 -0.436251
0.872339 -0.140257 -0.468351
0.851142 -0.149882 -0.503083
0.856017 -0.117365 -0.503449
0.839459 -0.142245 -0.524476
0.847080 -0.101537 -0.521676
0.834145 -0.103952 -0.541660
0.842559 -0.054116 -0.535879
0.832490 -0.041783 -0.552462
0.837849 -0.013553 -0.545733
0.834624 0.033798 -0.549782
0.842711 0.040012 -0.536877
0.832299 0.098624 -0.545483
0.836828 0.108224 -0.536662
0.827255 0.168900 -0.535838
0.829792 0.165410 -0.532996
0.883114 0.420528 -0.208006
0.889326 0.412558 -0.197220
0.878114 0.458666 -0.136169
0.895082 0.414260 -0.164974
0.896961 0.427513 -0.112663
0.877186 0.444962 -0.180425
0.903189 0.406114 -0.138998
0.897720 0.430972 -0.091439
0.904546 0.400862 -0.145280
0.904424 0.413577 -0.104745
0.905959 0.403136 -0.129305
0.905094 0.412811 -0.101944
0.905173 0.408246 -0.118310
0.900805 0.408701 -0.146676
0.901356 0.421016 -0.101501
0.904800 0.415590 -0.092852
0.898840 0.414319 -0.142923
0.901435 0.417695 -0.113777
0.914422 -0.019640 -0.404284
0.934166 -0.037309 -0.354882
0.891947 -0.058638 -0.448321
0.884338 -0.040216 -0.465111
0.909719 -0.002095 -0.415220
0.872171 -0.035201 -0.487934
0.869700 -0.085015 -0.486204
0.861577 -0.038993 -0.506127
0.858655 -0.066902 -0.508169
0.860245 -0.034937 -0.508682
0.858760 -0.041523 -0.510693
0.854843 -0.065168 -0.514778
0.853277 -0.052180 -0.518841
0.858603 -0.023592 -0.512098
0.859045 -0.010618 -0.511790
0.858196 0.001631 -0.513319
0.854328 -0.020489 -0.519330
0.851764 0.070085 -0.519217
0.851948 0.040667 -0.522045
0.846555 0.082701 -0.525838
0.854982 0.029739 -0.517804
0.856288 0.016039 -0.516250
0.853078 0.049594 -0.519422
0.844375 0.100858 -0.526173
0.837554 0.131561 -0.530278
0.831389 0.132590 -0.539641
0.819078 0.171663 -0.547397
0.841997 0.082476 -0.533140
0.830247 0.112070 -0.546013
0.797468 0.175817 -0.577177
0.806443 0.190879 -0.559656
0.806004 0.141706 -0.574698
0.779818 0.193067 -0.595491
0.796512 0.201491 -0.570062
0.785159 0.210319 -0.582487
0.778419 0.177053 -0.602260
0.769999 0.192594 -0.608283
0.775681 0.213360 -0.593967
0.763738 0.173851 -0.621675
0.757003 0.192054 -0.624549
0.749210 0.167614 -0.640773
0.742654 0.152623 -0.652051
0.672299 0.177124 -0.718777
0.680595 0.177155 -0.710920
0.685933 0.183277 -0.704205
0.733250 0.159756 -0.660926
0.733185 0.174247 -0.657327
0.720401 0.141607 -0.678947
0.705609 0.146273 -0.693340
0.710274 0.167425 -0.683725
0.691066 0.132297 -0.710581
0.684384 0.151755 -0.713154
0.690782 0.171037 -0.702543
0.678671 0.143510 -0.720285
0.672219 0.164851 -0.721766
0.669099 0.156789 -0.726446
0.685191 0.199387 -0.700541
0.707606 0.197031 -0.678581
0.712160 0.220281 -0.666562
0.729003 0.218951 -0.648548
0.895464 0.422861 -0.139041
0.845444 0.506553 -0.169200
0.804851 0.549847 -0.223344
0.845011 0.498063 -0.194652
0.811320 0.538626 -0.227249
0.824869 0.519902 -0.222020
0.785707 0.566184 -0.249198
0.862058 0.487344 -0.139114
0.886160 0.451941 -0.102321
0.866802 0.481151 -0.130954
0.847158 0.505101 -0.164912
0.882415 0.459493 -0.101045
0.860365 0.487577 -0.148462
0.866215 0.480073 -0.138570
0.885627 0.455262 -0.091663
0.869632 0.477177 -0.126659
0.889211 0.449306 -0.086181
0.890229 0.446177 -0.091756
0.866115 0.478788 -0.143550
0.890502 0.442545 -0.105644
0.875255 0.465598 -0.130944
0.893908 0.432331 -0.118401
0.866787 0.469712 -0.167482
0.756675 0.118340 -0.642992
0.769791 0.133186 -0.624246
0.736005 0.127017 -0.664954
0.732835 0.116605 -0.670340
0.766851 0.113662 -0.631680
0.748645 0.113952 -0.653105
0.714999 0.118760 -0.688965
0.716692 0.112621 -0.688236
0.738284 0.111081 -0.665281
0.698637 0.116626 -0.705908
0.704896 0.110046 -0.700722
0.736771 0.109605 -0.667199
0.682250 0.116263 -0.721816
0.685006 0.117354 -0.719023
0.718694 0.116014 -0.685580
0.673416 0.138110 -0.726248
0.687082 0.133537 -0.714203
0.716265 0.142071 -0.683213
0.683564 0.181185 -0.707045
0.666007 0.176837 -0.724682
0.719270 0.192276 -0.667593
0.661165 0.243781 -0.709529
0.660158 0.206543 -0.722171
0.662286 0.240772 -0.709511
0.673201 0.295117 -0.678017
0.678769 0.294751 -0.672603
0.669819 0.240418 -0.702525
0.692487 0.261155 -0.672503
0.683120 0.356282 -0.637503
0.680613 0.315305 -0.661324
0.689938 0.357317 -0.629531
0.694763 0.342513 -0.632446
0.725082 0.414765 -0.549751
0.709489 0.373112 -0.597840
0.738849 0.364408 -0.566841
0.715610 0.438229 -0.543927
0.701424 0.417141 -0.577926
0.688796 0.393374 -0.608948
0.761547 0.474230 -0.441760
0.763846 0.413076 -0.495890
0.773676 0.448753 -0.447266
0.741732 0.560081 -0.368976
0.742931 0.524873 -0.415407
0.765382 0.506937 -0.396491
0.758546 0.585325 -0.286360
0.758432 0.586461 -0.284333
0.726162 0.601267 -0.333416
0.757013 0.559572 -0.337358
0.758633 0.578430 -0.299826
0.737212 0.593775 -0.322413
0.725514 0.589554 -0.355043
0.745569 0.453111 -0.488688
0.726551 0.460482 -0.509980
0.879025 0.450650 -0.155657
0.891605 0.011283 -0.452673
0.864387 -0.015918 -0.502576
0.940097 0.040320 -0.338513
0.864561 0.032298 -0.501488
0.851073 0.029836 -0.524199
0.836864 0.070084 -0.542906
0.803554 0.108786 -0.585206
0.779237 0.156879 -0.606777
0.827082 0.521633 -0.209367
0.830927 0.512972 -0.215453
0.780796 0.549692 -0.296979
0.847773 0.496698 -0.185936
0.824833 0.513713 -0.236113
0.833654 0.505653 -0.222116
0.840479 0.498334 -0.212740
0.780618 0.114841 -0.614367
0.792937 0.112123 -0.598898
0.775288 0.114651 -0.621115
0.763078 0.111984 -0.636530
0.767894 0.112973 -0.630537
0.757430 0.126019 -0.640640
0.748676 0.151106 -0.645485
0.752338 0.190364 -0.630674
0.785687 0.114593 -0.607918
0.796559 0.117259 -0.593080
0.790333 0.123184 -0.600166
0.780879 0.165510 -0.602358
0.760444 0.227596 -0.608214
0.725720 0.266331 -0.634349
0.684027 0.360608 -0.634089
0.691528 0.359480 -0.626548
0.711034 0.345404 -0.612477
0.705507 0.476609 -0.524503
0.690953 0.449697 -0.566001
0.688056 0.421114 -0.590967
0.685218 0.391319 -0.614285
0.720787 0.575579 -0.386232
0.720780 0.551115 -0.420415
0.712045 0.600677 -0.363563
0.692991 0.602823 -0.395434
0.708774 0.602974 -0.366145
0.704447 0.595611 -0.386008
0.730927 0.505126 -0.458904
0.720595 0.493743 -0.486786
0.741599 0.289981 -0.604931
0.757332 0.582580 -0.295040
0.809497 0.542160 -0.225336
0.745405 0.584919 -0.319750
0.722871 0.596914 -0.348066
0.755675 0.572354 -0.318381
0.785845 0.540119 -0.301196
0.731411 0.570350 -0.373817
0.800770 0.527674 -0.283422
0.774828 0.543808 -0.322356
0.809887 0.519906 -0.271627
0.804251 0.522514 -0.283123
0.800262 0.114228 -0.588670
0.795192 0.116023 -0.595154
0.798460 0.119645 -0.590040
0.803052 0.129924 -0.581574
0.802404 0.128547 -0.582773
0.799706 0.135898 -0.584810
0.802608 0.141637 -0.579448
0.785464 0.213247 -0.581009
0.794763 0.177266 -0.580456
0.767287 0.253833 -0.588930
0.691984 0.393716 -0.605100
0.702865 0.378054 -0.602541
0.685435 0.484594 -0.543459
0.684377 0.432829 -0.586759
0.683959 0.425587 -0.592517
0.680075 0.493823 -0.541883
0.680558 0.467760 -0.563952
0.696458 0.575854 -0.428181
0.678495 0.600681 -0.422880
0.681865 0.594054 -0.426802
0.663675 0.582116 -0.469762
0.672482 0.580180 -0.459521
0.664294 0.594542 -0.453027
0.658561 0.585306 -0.472985
0.708329 0.532722 -0.463117
0.683542 0.532065 -0.499677
0.678206 0.516961 -0.522292
0.674148 0.571218 -0.468224
0.687644 0.559250 -0.463018
0.728738 0.344464 -0.591849
0.711009 0.596341 -0.372617
0.679470 0.598675 -0.424157
0.663400 0.597711 -0.450159
0.728835 0.578349 -0.366486
0.703676 0.592613 -0.391983
0.843442 0.489736 -0.220826
0.822012 0.509195 -0.254985
0.925164 0.067429 -0.373531
0.858507 0.085224 -0.505671
0.913825 0.105684 -0.392115
0.831457 0.078126 -0.550068
0.823271 0.091121 -0.560287
0.815411 0.102403 -0.569754
0.805989 0.110294 -0.581565
0.808086 0.112574 -0.578208
0.804590 0.118285 -0.581930
0.729785 0.566577 -0.382628
0.758877 0.552294 -0.345076
0.734877 0.564968 -0.375189
0.728582 0.567177 -0.384029
0.785328 0.534708 -0.312004
0.757730 0.552311 -0.347560
0.787126 0.532555 -0.311157
0.682501 0.459763 -0.568164
0.690252 0.424533 -0.585938
0.700955 0.396762 -0.592656
0.677137 0.501442 -0.538555
0.678707 0.476653 -0.558712
0.659757 0.575497 -0.483243
0.639982 0.578284 -0.505975
0.632136 0.566145 -0.529041
0.647327 0.571713 -0.504096
0.670838 0.541299 -0.506924
0.672184 0.530648 -0.516315
0.672258 0.559708 -0.484558
0.662727 0.553538 -0.504369
0.658658 0.570853 -0.490200
0.658583 0.563988 -0.498182
0.648537 0.590840 -0.479904
0.682503 0.590537 -0.430646
0.643142 0.591627 -0.486154
0.623550 0.585524 -0.518022
0.622215 0.575939 -0.530228
0.622009 0.565052 -0.542053
0.678347 0.583857 -0.446046
0.669250 0.586870 -0.455728
0.716594 0.571003 -0.400560
0.760751 0.549295 -0.345736
0.739660 0.560225 -0.372895
0.697387 0.577688 -0.424179
0.780904 0.536114 -0.320577
0.771916 0.542017 -0.332208
0.691387 0.442194 -0.571357
0.677695 0.491472 -0.546978
0.681076 0.485541 -0.548074
0.693289 0.462929 -0.552311
0.629344 0.560442 -0.538359
0.665728 0.545618 -0.509026
0.657570 0.552091 -0.512638
0.663471 0.547617 -0.509826
0.672290 0.527568 -0.519325
0.677108 0.508475 -0.531957
0.645210 0.562761 -0.516724
0.649559 0.555769 -0.518839
0.618843 0.554218 -0.556664
0.634948 0.555016 -0.537400
0.617640 0.586860 -0.523561
0.610595 0.565152 -0.554776
0.610152 0.558078 -0.562374
0.605529 0.573134 -0.552134
0.600292 0.561423 -0.569609
0.591713 0.555988 -0.583741
0.626105 0.590409 -0.509323
0.597458 0.585544 -0.547888
0.641634 0.588743 -0.491617
0.595740 0.586155 -0.549105
0.582477 0.578525 -0.570990
0.588003 0.573919 -0.569973
0.598767 0.553496 -0.578896
0.803957 0.520914 -0.286882
0.772017 0.540875 -0.333831
0.840799 0.112276 -0.529576
0.890911 0.119975 -0.438045
0.821178 0.103106 -0.561281
0.810828 0.109685 -0.574915
0.814130 0.104458 -0.571209
0.807916 0.115810 -0.577807
0.807760 0.118284 -0.577523
0.804826 0.128752 -0.579377
0.802136 0.144886 -0.579297
0.797780 0.171416 -0.578069
0.767452 0.286001 -0.573777
0.712912 0.572161 -0.405448
0.776676 0.538684 -0.326487
0.753307 0.551772 -0.357877
0.712948 0.571099 -0.406879
0.664111 0.546112 -0.510606
0.676458 0.524140 -0.517380
0.680876 0.520690 -0.515064
0.681939 0.503786 -0.530245
0.671695 0.538272 -0.509007
0.676117 0.532363 -0.509367
0.657828 0.547007 -0.517730
0.623476 0.551288 -0.554400
0.634678 0.548205 -0.544661
0.660460 0.539865 -0.521861
0.669778 0.537258 -0.512592
0.585902 0.561354 -0.584466
0.580201 0.554904 -0.596195
0.591807 0.586452 -0.553027
0.575599 0.577432 -0.579014
0.570948 0.568654 -0.592158
0.569370 0.560583 -0.601302
0.571714 0.554506 -0.604703
0.564785 0.569120 -0.597595
0.608204 0.551587 -0.570824
0.609425 0.549739 -0.571304
0.580635 0.552873 -0.597658
0.587558 0.550985 -0.592613
0.663338 0.586825 -0.464348
0.605151 0.591667 -0.532656
0.575959 0.581510 -0.574558
0.711774 0.570280 -0.410072
0.686411 0.515469 -0.512964
0.694180 0.489948 -0.527318
0.700928 0.485220 -0.522745
0.678724 0.530339 -0.508011
0.687579 0.513534 -0.513340
0.649831 0.538338 -0.536574
0.669184 0.524759 -0.526137
0.680635 0.519120 -0.516963
0.650791 0.525403 -0.548108
0.561476 0.561917 -0.607448
0.561769 0.560801 -0.608209
0.564207 0.553772 -0.612378
0.566543 0.574678 -0.590571
0.560709 0.565219 -0.605090
0.594296 0.548144 -0.588515
0.623070 0.542370 -0.563577
0.570256 0.551579 -0.608744
0.574983 0.550470 -0.605291
0.614245 0.596331 -0.516809
0.603070 0.598303 -0.527580
0.583417 0.589985 -0.558159
0.687627 0.578766 -0.438405
0.649744 0.590324 -0.478905
0.740240 0.555221 -0.379176
0.723741 0.563654 -0.398113
0.843936 0.124851 -0.521712
0.902279 0.137755 -0.408553
0.813032 0.130611 -0.567380
0.809788 0.118949 -0.574539
0.803327 0.140748 -0.578668
0.804691 0.133804 -0.578419
0.803303 0.143284 -0.578077
0.803110 0.144359 -0.578078
0.799316 0.168906 -0.576685
0.786297 0.234765 -0.571509
0.759105 0.333766 -0.558891
0.564871 0.555004 -0.610648
0.567006 0.573969 -0.590817
0.574892 0.563990 -0.592802
0.581831 0.544253 -0.604368
0.601441 0.539872 -0.588903
0.630059 0.527269 -0.570100
0.571566 0.549174 -0.609689
0.592378 0.533708 -0.603527
0.570199 0.548722 -0.611373
0.569655 0.548207 -0.612341
0.596528 0.597038 -0.536376
0.666177 0.581837 -0.466555
0.650555 0.564852 -0.507661
0.616825 0.588192 -0.523026
0.590810 0.592696 -0.547408
0.580244 0.585527 -0.566105
0.604613 0.536859 -0.588409
0.624939 0.519197 -0.582997
0.609916 0.522521 -0.595797
0.588182 0.533607 -0.607705
0.622393 0.500996 -0.601357
0.640684 0.485234 -0.595040
0.638038 0.498274 -0.587052
0.627554 0.499862 -0.596920
0.630579 0.555699 -0.541820
0.604833 0.564746 -0.561461
0.637855 0.526763 -0.561838
0.641409 0.508594 -0.574392
0.666805 0.498205 -0.554223
0.638328 0.532525 -0.555837
0.698208 0.484309 -0.527210
0.703995 0.480076 -0.523372
0.687405 0.468927 -0.554601
0.724827 0.417288 -0.548175
0.748887 0.369835 -0.549900
0.770751 0.302456 -0.560771
0.708270 0.466122 -0.530173
0.724500 0.432777 -0.536474
0.648760 0.487778 -0.584109
0.678434 0.525960 -0.512927
0.692710 0.564574 -0.448786
0.672757 0.504348 -0.541323
0.729361 0.416390 -0.542818
0.742411 0.366409 -0.560866
0.751911 0.354740 -0.555689
0.765288 0.324645 -0.555824
0.775987 0.287114 -0.561613
0.754678 0.357003 -0.550463
0.756980 0.348621 -0.552670
0.706357 0.413002 -0.574881
0.685655 0.440372 -0.579612
0.676659 0.442624 -0.588402
0.681121 0.465930 -0.564785
0.708731 0.444289 -0.548003
0.741188 0.371654 -0.559030
0.724558 0.402544 -0.559441
0.743414 0.357704 -0.565140
0.765150 0.320404 -0.558468
0.768958 0.312398 -0.557773
0.772598 0.301830 -0.558562
0.775949 0.289719 -0.560326
0.769353 0.313258 -0.556746
0.767547 0.318105 -0.556490
0.762649 0.320964 -0.561559
0.740710 0.356089 -0.569692
0.767944 0.309028 -0.561038
0.754462 0.340840 -0.560905
0.769327 0.307315 -0.560083
0.768349 0.308536 -0.560754
0.761345 0.325350 -0.560804
0.892553 0.238421 -0.382759
0.813827 0.270875 -0.514114
0.818756 0.279927 -0.501278
0.886027 0.247850 -0.391824
0.784709 0.275531 -0.555260
0.782985 0.292010 -0.549239
0.779620 0.275099 -0.562595
0.775075 0.293689 -0.559469
0.779706 0.274827 -0.562609
0.775114 0.293596 -0.559463
0.779964 0.273760 -0.562771
0.775110 0.293648 -0.559442
0.781303 0.267907 -0.563730
0.775602 0.291735 -0.559761
0.776706 0.287255 -0.560546
0.774273 0.296994 -0.558834
0.774494 0.296071 -0.559018
0.817391 0.281658 -0.502534
0.885105 0.248713 -0.393358
0.782483 0.294794 -0.548467
0.774065 0.297696 -0.558749
0.774066 0.297733 -0.558728
0.774062 0.297779 -0.558708
0.774053 0.297834 -0.558691
0.774043 0.297895 -0.558673
0.774025 0.297948 -0.558670
0.774002 0.298003 -0.558673
0.774004 0.297986 -0.558679
0.774023 0.297943 -0.558675
0.773979 0.298051 -0.558679
0.773983 0.298021 -0.558689
0.773958 0.298088 -0.558688
0.773967 0.298044 -0.558700
0.773849 0.298129 -0.558817
0.773956 0.298045 -0.558714
0.773650 0.298102 -0.559108
0.773661 0.298132 -0.559076
0.773608 0.298126 -0.559153
0.773589 0.298119 -0.559182
0.773612 0.298110 -0.559156
0.773519 0.298137 -0.559270
0.773628 0.298077 -0.559151
0.773549 0.298123 -0.559236
0.773633 0.298165 -0.559097
0.773868 0.298040 -0.558839
0.773689 0.298080 -0.559065
0.773622 0.298102 -0.559146
0.883206 0.249837 -0.396899
0.816318 0.282114 -0.504020
0.816051 0.282261 -0.504370
0.883418 0.249749 -0.396482
0.781875 0.295032 -0.549206
0.781833 0.295086 -0.549238
0.774062 0.297723 -0.558739
0.774017 0.297774 -0.558774
0.774063 0.297757 -0.558719
0.774023 0.297801 -0.558751
0.774062 0.297797 -0.558699
0.774032 0.297828 -0.558724
0.774056 0.297843 -0.558683
0.774038 0.297861 -0.558698
0.774036 0.297899 -0.558681
0.773973 0.297933 -0.558751
0.773977 0.297960 -0.558730
0.819201 0.281046 -0.499923
0.890732 0.245474 -0.382543
0.781716 0.295189 -0.549349
0.773896 0.297871 -0.558890
0.773903 0.297889 -0.558870
0.773929 0.297900 -0.558829
0.773953 0.297914 -0.558788
0.773825 0.298009 -0.558914
0.773850 0.298018 -0.558876
0.838233 0.272943 -0.472089
0.913754 0.230352 -0.334652
0.788363 0.292921 -0.541000
0.773742 0.297983 -0.559044
0.773744 0.297996 -0.559033
0.773756 0.298007 -0.559011
0.773784 0.298013 -0.558969
0.773678 0.298087 -0.559076
0.773699 0.298087 -0.559047
0.722032 0.079200 -0.687312
0.721970 0.079212 -0.687375
0.722069 0.079194 -0.687273
0.722090 0.079196 -0.687251
0.722074 0.079208 -0.687266
0.722060 0.079220 -0.687280
0.722033 0.079233 -0.687307
0.721993 0.079241 -0.687348
0.810976 0.302134 -0.501031
0.810959 0.302164 -0.501041
0.810954 0.302183 -0.501038
0.810960 0.302155 -0.501044
0.810946 0.302139 -0.501078
0.810998 0.302147 -0.500988
0.810994 0.302167 -0.500984
0.810968 0.302159 -0.501030
0.810998 0.302169 -0.500975
0.810974 0.302152 -0.501024
0.811006 0.302169 -0.500963
0.810939 0.302181 -0.501064
0.800405 0.263392 -0.538495
0.802622 0.270757 -0.531496
0.784506 0.216156 -0.581229
0.808507 0.292198 -0.510819
0.808508 0.292025 -0.510917
0.810546 0.300578 -0.502661
0.810686 0.300693 -0.502367
0.810932 0.302124 -0.501110
0.722119 0.079267 -0.687212
0.722005 0.079267 -0.687332
0.722023 0.079269 -0.687312
0.721980 0.079271 -0.687358
0.722102 0.079273 -0.687230
0.721956 0.079270 -0.687383
0.721980 0.079278 -0.687357
0.722088 0.079283 -0.687243
0.722076 0.079279 -0.687256
0.722050 0.079287 -0.687283
0.723960 0.082903 -0.684843
0.726460 0.087481 -0.681617
0.722679 0.080620 -0.686466
0.735638 0.105258 -0.669146
0.739372 0.112640 -0.663809
0.730942 0.096190 -0.675627
0.758862 0.153774 -0.632837
0.759755 0.155602 -0.631317
0.757782 0.151400 -0.634700
0.780541 0.205898 -0.590221
0.780981 0.207160 -0.589198
0.810860 0.302192 -0.501186
0.810904 0.302183 -0.501119
0.810926 0.302158 -0.501098
0.810846 0.302212 -0.501194
0.810871 0.302195 -0.501165
0.810874 0.302169 -0.501175
0.810951 0.302154 -0.501060
0.810888 0.302195 -0.501138
0.810874 0.302182 -0.501168
0.810918 0.302156 -0.501113
0.810934 0.302101 -0.501120
0.810945 0.302111 -0.501096
0.810977 0.302102 -0.501049
0.811063 0.302025 -0.500957
0.810926 0.302098 -0.501134
0.810979 0.302059 -0.501072
0.811033 0.302029 -0.501002
0.810933 0.302076 -0.501136
0.810965 0.302058 -0.501095
0.810972 0.302079 -0.501072
0.810922 0.302079 -0.501152
0.810917 0.302111 -0.501141
0.810912 0.302141 -0.501131
0.810882 0.302133 -0.501184
0.810820 0.302179 -0.501257
0.810820 0.302218 -0.501234
0.804473 0.278020 -0.524908
0.790316 0.232815 -0.566743
0.806715 0.286035 -0.517102
0.788981 0.229184 -0.570073
0.809973 0.298674 -0.504715
0.810566 0.300991 -0.502381
0.803691 0.275373 -0.527494
0.787478 0.225021 -0.573798
0.809608 0.297298 -0.506111
0.810795 0.302053 -0.501374
0.810823 0.302060 -0.501324
0.810784 0.302084 -0.501372
0.810803 0.302042 -0.501368
0.810778 0.302028 -0.501415
0.810759 0.302030 -0.501445
0.810757 0.302074 -0.501422
0.810809 0.302115 -0.501313
0.810740 0.302040 -0.501470
0.810786 0.302192 -0.501305
0.810819 0.302093 -0.501311
0.810817 0.302163 -0.501272
0.810751 0.302148 -0.501388
0.810781 0.302183 -0.501318
0.810828 0.302156 -0.501258
0.810750 0.302201 -0.501357
0.810773 0.302190 -0.501327
0.810727 0.302220 -0.501383
0.803255 0.273920 -0.528914
0.785774 0.220334 -0.577938
0.802889 0.272680 -0.530108
0.782892 0.215137 -0.583778
0.809557 0.297155 -0.506276
0.809230 0.295908 -0.507528
0.810777 0.302058 -0.501400
0.810770 0.302022 -0.501433
0.810725 0.302028 -0.501502
0.809607 0.300659 -0.504124
0.810726 0.302134 -0.501436
0.810727 0.302158 -0.501420
0.810693 0.302084 -0.501520
0.810673 0.302142 -0.501517
0.810708 0.302183 -0.501437
0.810711 0.302268 -0.501381
0.810695 0.302240 -0.501423
0.810705 0.302220 -0.501418
0.712306 0.084830 -0.696723
0.732249 0.107849 -0.672443
0.714654 0.107384 -0.691187
0.723229 0.083939 -0.685488
0.753857 0.171807 -0.634179
0.810851 0.302156 -0.501221
0.810887 0.302092 -0.501202
0.810862 0.302143 -0.501211
0.810847 0.302162 -0.501224
0.810844 0.302177 -0.501220
0.810614 0.302788 -0.501222
0.810735 0.302278 -0.501336
0.810684 0.302285 -0.501413
0.810718 0.302404 -0.501286
0.810705 0.302840 -0.501045
0.810727 0.302576 -0.501167
0.810802 0.302243 -0.501248
0.810646 0.303323 -0.500848
0.810802 0.302459 -0.501117
0.810816 0.302497 -0.501071
0.810881 0.302094 -0.501210
0.619881 0.103167 -0.777884
0.610841 0.074260 -0.788263
0.622211 0.083596 -0.778373
0.665838 0.082304 -0.741543
0.690731 0.122330 -0.712690
0.584888 0.061891 -0.808749
0.673990 0.080056 -0.734390
0.635278 0.114373 -0.763767
0.730123 0.188493 -0.656804
0.566748 0.088381 -0.819137
0.554844 0.063111 -0.829557
0.888616 -0.039544 -0.456943
0.909396 -0.009240 -0.415829
0.869010 0.063495 -0.490703
0.853347 0.228011 -0.468838
0.823318 0.157425 -0.545311
0.852843 0.210548 -0.477837
0.810789 0.126848 -0.571428
0.840468 0.159589 -0.517827
0.865744 0.213988 -0.452435
0.877571 0.227554 -0.422005
0.861062 0.178010 -0.476325
0.838413 0.141718 -0.526289
0.849331 0.391414 -0.354165
0.843630 0.405698 -0.351708
0.828567 0.426758 -0.362428
0.749377 0.386016 -0.537982
0.798651 0.339549 -0.496854
0.774830 0.345763 -0.529232
0.730034 0.366292 -0.576957
0.803563 0.340264 -0.488371
0.803113 0.342843 -0.487307
0.800144 0.342542 -0.492377
0.793040 0.342331 -0.503882
0.737080 0.446751 -0.507076
0.736454 0.457579 -0.498254
0.741641 0.469202 -0.479394
0.786644 0.451682 -0.420921
0.801327 0.457396 -0.385571
0.721973 0.402418 -0.562863
0.739334 0.414854 -0.530359
0.729060 0.439192 -0.524959
0.827754 0.437186 -0.351698
0.805213 0.336974 -0.487934
0.804379 0.341433 -0.486207
0.804274 0.341891 -0.486060
0.804052 0.343222 -0.485488
0.804190 0.341320 -0.486599
0.805146 0.337399 -0.487753
0.805064 0.337863 -0.487565
0.803999 0.342265 -0.486251
0.804212 0.342501 -0.485732
0.849576 0.023187 -0.526956
0.866304 -0.041509 -0.497790
0.810867 0.040226 -0.583846
0.724235 0.122628 -0.678562
0.770856 0.046939 -0.635277
0.655320 0.153020 -0.739689
0.704826 0.100634 -0.702206
0.629111 0.160917 -0.760476
0.655930 0.134530 -0.742736
0.579601 0.161406 -0.798756
0.630782 0.138990 -0.763411
0.553173 0.156319 -0.818269
0.569459 0.027107 -0.821573
0.495766 0.069489 -0.865672
0.527603 0.041284 -0.848487
0.547887 0.046078 -0.835282
0.516947 0.064654 -0.853572
0.552701 0.058075 -0.831353
0.498539 0.081435 -0.863034
0.514240 0.102163 -0.851540
0.509981 0.095359 -0.854884
0.523022 0.101301 -0.846278
0.540497 0.079798 -0.837553
0.510577 0.113606 -0.852294
0.527705 0.124528 -0.840250
0.546405 0.120507 -0.828806
0.585785 0.117004 -0.801976
0.529798 0.128759 -0.838293
0.552635 0.150482 -0.819725
0.610849 0.146128 -0.778145
0.568550 0.147587 -0.809301
0.651539 0.107559 -0.750952
0.657345 0.067482 -0.750562
0.698157 0.073958 -0.712114
0.725703 0.102752 -0.680292
0.655897 0.146392 -0.740519
0.711563 0.134075 -0.689712
0.749894 0.083552 -0.656261
0.765656 0.102860 -0.634973
0.801358 0.114088 -0.587205
0.774354 0.125924 -0.620096
0.841594 0.157105 -0.516757
0.739247 0.452027 -0.499185
0.751350 0.471238 -0.461960
0.729288 0.462617 -0.504108
0.670572 0.376709 -0.639080
0.695899 0.418780 -0.583393
0.684297 0.393840 -0.613700
0.691121 0.414373 -0.592154
0.707315 0.446315 -0.548187
0.707269 0.446385 -0.548188
0.697505 0.416594 -0.583041
0.719483 0.426056 -0.548471
0.654488 0.352560 -0.668840
0.672915 0.379572 -0.634909
0.766168 0.448269 -0.460480
0.801516 0.449873 -0.393936
0.770507 0.470201 -0.430383
0.792798 0.418899 -0.442713
0.815392 0.428312 -0.389467
0.818117 0.403543 -0.409680
0.746306 0.410304 -0.524097
0.659140 0.357486 -0.661618
0.663808 0.363206 -0.653789
0.641202 0.333128 -0.691293
0.650493 0.344045 -0.677120
0.642608 0.335451 -0.688859
0.628874 0.318350 -0.709346
0.643240 0.322752 -0.694315
0.645156 0.328144 -0.689996
0.682304 0.330416 -0.652140
0.631166 0.319211 -0.706918
0.628008 0.316869 -0.710775
0.652593 0.325390 -0.684283
0.715872 0.335338 -0.612435
0.634795 0.325963 -0.700559
0.746042 0.339703 -0.572734
0.769615 0.340142 -0.540367
0.777225 0.342114 -0.528090
0.746937 0.343063 -0.569555
0.784737 0.343921 -0.515660
0.795837 0.345917 -0.496975
0.799177 0.343612 -0.493201
0.802872 0.343650 -0.487135
0.776892 0.349013 -0.524050
0.743854 0.348932 -0.570024
0.796966 0.349144 -0.492893
0.802583 0.344079 -0.487310
0.778950 0.359430 -0.513855
0.700635 0.338918 -0.627889
0.658813 0.333086 -0.674551
0.697984 0.347158 -0.626339
0.683528 0.030865 -0.729272
0.626069 0.020497 -0.779498
0.674634 0.043711 -0.736857
0.781314 0.079760 -0.619021
0.706003 0.061798 -0.705507
0.733489 0.048226 -0.677988
0.744034 0.077465 -0.663636
0.829957 0.113905 -0.546074
0.766765 0.126364 -0.629367
0.722885 0.093128 -0.684663
0.685470 0.112881 -0.719297
0.744253 0.156290 -0.649354
0.670973 0.141168 -0.727920
0.821338 0.129612 -0.555522
0.831781 0.175315 -0.526693
0.775425 0.235517 -0.585874
0.782061 0.204536 -0.588682
0.717198 0.198144 -0.668107
0.703143 0.243950 -0.667892
0.671570 0.210250 -0.710485
0.653002 0.214799 -0.726258
0.777852 0.264265 -0.570184
0.728232 0.257112 -0.635273
0.676758 0.226838 -0.700388
0.774314 0.288986 -0.562961
0.810313 0.280792 -0.514343
0.783897 0.287480 -0.550328
0.759621 0.253457 -0.598945
0.698452 0.223038 -0.680014
0.847641 0.289316 -0.444749
0.820497 0.266804 -0.505570
0.842860 0.307082 -0.441914
0.816947 0.301090 -0.491877
0.836679 0.311823 -0.450260
0.863673 0.291498 -0.411215
0.857220 0.264891 -0.441595
0.830572 0.247329 -0.498977
0.879700 0.289703 -0.377094
0.877099 -0.145774 -0.457654
0.736428 0.468302 -0.488227
0.719797 0.488883 -0.492834
0.726593 0.479043 -0.492525
0.719503 0.480731 -0.501211
0.712726 0.480820 -0.510718
0.706946 0.501651 -0.498572
0.705020 0.486479 -0.516027
0.702379 0.473106 -0.531822
0.744123 0.457055 -0.487218
0.963598 0.245449 -0.105993
0.966703 0.247537 -0.064884
0.962966 0.249371 -0.102519
0.948583 0.268190 -0.168123
0.963469 0.239487 -0.119890
0.966679 0.248220 -0.062596
0.965467 0.234710 -0.113067
0.958853 0.275041 0.070387
0.956341 0.289707 0.038494
0.974692 0.222136 0.025137
0.941427 0.333374 0.050755
0.959202 0.282149 0.017992
0.975707 0.218843 -0.010172
0.974979 0.220836 -0.025430
0.966167 0.257870 0.004822
0.970104 0.241782 -0.020963
0.981895 0.159728 -0.101833
0.981330 0.186674 -0.046313
0.965562 0.198170 -0.168577
0.959437 0.166838 -0.227259
0.957602 0.222716 -0.182747
0.948453 0.197306 -0.248005
0.949142 0.255960 -0.183339
0.942110 0.244836 -0.229095
0.943789 0.273705 -0.185332
0.946545 0.279692 -0.160705
0.945028 0.286191 -0.158165
0.934550 0.269520 -0.232326
0.934100 0.284675 -0.215447
0.931896 0.282839 -0.227095
0.944862 0.278652 -0.172013
0.951739 0.260150 -0.162837
0.943983 0.272713 -0.185806
0.953727 0.252136 -0.163805
0.943285 0.269999 -0.193168
0.955015 0.248646 -0.161621
0.946305 0.264245 -0.186227
0.987732 0.155901 -0.008951
0.987269 0.147625 -0.059216
0.985135 0.142705 -0.095622
0.976770 0.097768 -0.190686
0.957978 0.085869 -0.273687
0.919734 0.042322 -0.390255
0.937410 0.098479 -0.334012
0.905753 0.077973 -0.416571
0.917100 0.201062 -0.344240
0.928087 0.169994 -0.331295
0.933148 0.214940 -0.288160
0.915452 0.122585 -0.383303
0.885424 0.106381 -0.452446
0.891585 0.174593 -0.417844
0.912910 0.237761 -0.331760
0.925915 0.254878 -0.278781
0.894963 0.279146 -0.348023
0.921431 0.277721 -0.271728
0.886381 0.254005 -0.387053
0.896553 0.222761 -0.382845
0.900340 0.297576 -0.317546
0.914202 0.288540 -0.284570
0.920585 0.291610 -0.259784
0.872026 0.302722 -0.384616
0.895540 0.304557 -0.324427
0.876471 0.309279 -0.368978
0.919761 0.292448 -0.261751
0.922768 0.288656 -0.255296
0.887273 0.300377 -0.350028
0.925509 0.285305 -0.249067
0.912327 0.288650 -0.290413
0.881065 -0.006871 -0.472945
0.852096 -0.038304 -0.521983
0.881949 0.052018 -0.468466
0.854505 0.035580 -0.518224
0.861020 0.094019 -0.499804
0.845356 0.100260 -0.524710
0.865106 0.143398 -0.480654
0.845080 0.148870 -0.513496
0.863106 0.272339 -0.425299
0.858129 0.242116 -0.452764
0.846240 0.200543 -0.493620
0.840826 0.273722 -0.466999
0.841012 0.310031 -0.443374
0.846623 0.292084 -0.444877
0.866527 0.310793 -0.390562
0.833008 0.310448 -0.457952
0.848414 0.299140 -0.436701
0.842201 0.306238 -0.443752
0.872955 0.285889 -0.395244
0.876774 0.273884 -0.395291
0.837672 -0.057216 -0.543169
0.839147 0.002323 -0.543900
0.838383 0.074081 -0.540023
0.830182 0.241981 -0.502237
0.816782 0.241124 -0.524144
0.817724 0.272557 -0.506992
0.803158 0.264866 -0.533651
0.809131 0.299209 -0.505748
0.811182 0.308938 -0.496529
0.796428 0.288970 -0.531225
0.793724 0.276724 -0.541688
0.788115 0.296341 -0.539496
0.787147 0.289476 -0.544612
0.825781 0.299411 -0.477952
0.806172 0.293671 -0.513658
0.794790 0.297990 -0.528688
0.825263 0.288687 -0.485387
0.795875 0.275928 -0.538930
0.839183 0.254595 -0.480576
0.815129 0.269059 -0.513003
0.836602 0.214175 -0.504208
0.839608 0.162129 -0.518433
0.857971 0.107843 -0.502250
0.830674 0.085821 -0.550105
0.844956 0.096820 -0.526000
0.871628 0.135435 -0.471086
0.889283 0.194451 -0.413962
0.899191 0.238754 -0.366676
0.976327 -0.004342 -0.216255
0.981090 -0.030379 -0.191153
0.993818 0.031314 -0.106511
0.992149 0.055641 -0.112000
0.997649 0.041482 -0.054543
0.817937 0.227998 -0.528200
0.798604 0.257197 -0.544134
0.810643 0.239213 -0.534448
0.783060 0.268065 -0.561211
0.776537 0.281483 -0.563699
0.771728 0.262561 -0.579222
0.817304 0.224657 -0.530606
0.777012 0.282217 -0.562678
0.773953 0.272581 -0.571574
0.758000 0.265437 -0.595801
0.767243 0.270642 -0.581456
0.756890 0.260507 -0.599378
0.791327 0.244575 -0.560343
0.756831 0.225385 -0.613522
0.768806 0.254237 -0.586772
0.787964 0.208964 -0.579177
0.750090 0.193409 -0.632423
0.794170 0.158138 -0.586759
0.759160 0.158527 -0.631305
0.801320 0.109898 -0.588055
0.767264 0.118906 -0.630212
0.801214 0.097080 -0.590451
0.778207 0.104662 -0.619225
0.810956 0.111736 -0.574339
0.800650 0.131902 -0.584433
0.830076 0.143465 -0.538879
0.824700 0.194252 -0.531165
0.850922 0.200604 -0.485478
0.838830 0.248136 -0.484554
0.875504 0.267506 -0.402408
0.856354 0.273612 -0.437943
0.882066 0.304309 -0.359661
0.800284 0.239328 -0.549789
0.789339 0.249110 -0.561149
0.759259 0.237171 -0.606032
0.773378 0.234860 -0.588836
0.812391 0.216235 -0.541537
0.821255 0.194667 -0.536325
0.797286 0.222683 -0.561024
0.787740 0.230599 -0.571218
0.746190 0.250898 -0.616645
0.743315 0.231919 -0.627452
0.741539 0.246254 -0.624082
0.726521 0.225272 -0.649168
0.734462 0.229593 -0.638633
0.730245 0.203833 -0.652070
0.710890 0.207675 -0.671943
0.716306 0.220684 -0.661970
0.712613 0.185070 -0.676707
0.733910 0.170224 -0.657572
0.744209 0.136260 -0.653901
0.725445 0.164223 -0.668402
0.742975 0.151659 -0.651911
0.758605 0.120393 -0.640331
0.778881 0.138454 -0.611699
0.761935 0.160353 -0.627488
0.783444 0.203841 -0.587081
0.803091 0.194314 -0.563282
0.838693 0.306205 -0.450370
0.823656 0.276491 -0.495120
0.802062 0.274485 -0.530429
0.862235 0.316921 -0.395109
0.844360 0.372099 -0.385485
0.875074 0.366486 -0.316122
0.862007 0.358266 -0.358594
0.872218 0.406698 -0.271721
0.996325 0.085019 -0.010403
0.994418 0.100897 -0.030875
0.994687 0.097754 0.032285
0.991592 0.114493 0.060310
0.987836 0.129698 0.085781
0.980919 0.151432 0.121924
0.730909 0.251851 -0.634305
0.749168 0.235356 -0.619156
0.770141 0.323566 -0.549716
0.751614 0.298220 -0.588337
0.768368 0.278525 -0.576225
0.673789 0.219490 -0.705573
0.664758 0.190024 -0.722487
0.701025 0.248928 -0.668281
0.726545 0.295403 -0.620379
0.780198 0.319857 -0.537570
0.780184 0.383333 -0.494337
0.795261 0.419063 -0.438115
0.793659 0.341409 -0.503534
0.812423 0.371138 -0.449694
0.782450 0.450819 -0.429574
0.822453 0.429907 -0.372493
0.831797 0.457464 -0.314390
0.813858 0.496704 -0.301530
0.804239 0.466100 -0.368714
0.812688 0.526039 -0.250643
0.832442 0.492428 -0.254078
0.836504 0.469238 -0.282977
0.784396 0.494729 -0.374120
0.859216 0.453215 -0.237369
0.843008 0.466408 -0.267957
0.992230 0.124399 0.001994
0.993224 0.113058 0.026894
0.992417 0.116834 0.038185
0.992695 0.120555 -0.004904
0.992889 0.109555 0.046574
0.992105 0.113730 0.052858
0.991702 0.114261 0.058918
0.991903 0.113355 0.057273
0.989104 0.125317 0.077256
0.991523 0.115113 0.060263
0.991936 0.116540 0.049807
0.988638 0.127457 0.079686
0.989950 0.126315 0.063591
0.989291 0.124412 0.076315
0.991059 0.117765 0.062711
0.993810 0.109604 0.018104
0.994718 0.095121 -0.038567
0.984109 0.085000 -0.155898
0.962587 0.030328 -0.269270
0.992388 0.122745 0.010024
0.992419 0.116977 0.037682
0.992133 0.113905 0.051947
0.991995 0.112900 0.056570
0.991957 0.113079 0.056879
0.992057 0.113071 0.055126
0.992583 0.112583 0.045862
0.993778 0.109716 -0.019190
0.976674 0.105234 -0.187172
0.992422 0.122252 0.012391
0.992408 0.116631 0.039031
0.992143 0.113907 0.051751
0.992047 0.113168 0.055093
0.992031 0.113093 0.055542
0.991992 0.112892 0.056633
0.992560 0.113634 0.043735
0.993139 0.113697 0.027362
0.992466 0.117492 -0.034750
0.991983 0.114829 -0.052762
0.965302 0.120102 -0.231880
0.992348 0.123241 0.007535
0.992499 0.118580 0.029749
0.992247 0.114887 0.047405
0.992129 0.113992 0.051834
0.992282 0.115055 0.046248
0.992052 0.113364 0.054600
0.992266 0.115053 0.046587
0.992326 0.114001 0.047888
0.992587 0.117187 0.032223
0.992666 0.120478 -0.010010
0.975332 0.131157 -0.177553
0.988302 0.138181 -0.064542
0.988310 0.138112 -0.064562
0.988309 0.138114 -0.064575
0.988301 0.138182 -0.064550
0.988319 0.138044 -0.064574
0.988317 0.138050 -0.064591
0.988325 0.138001 -0.064573
0.988322 0.138011 -0.064592
0.988329 0.137975 -0.064564
0.988326 0.137988 -0.064587
0.988582 0.137416 -0.061827
0.988507 0.137584 -0.062644
0.989625 0.134918 -0.049392
0.989463 0.135325 -0.051482
0.991274 0.129678 -0.023655
0.990733 0.131648 -0.033430
0.991973 0.126270 -0.006695
0.991302 0.129646 -0.022618
0.992247 0.124234 0.003430
0.991444 0.129024 -0.019805
0.990078 0.133782 -0.042986
0.989958 0.134090 -0.044762
0.992484 0.120848 0.019288
0.991558 0.128434 -0.017824
0.992495 0.119753 0.024768
0.992478 0.121167 0.017501
0.991457 0.128862 -0.020175
0.992495 0.121009 0.017600
0.991188 0.129946 -0.025688
0.992170 0.124806 -0.004618
0.990249 0.133265 -0.040596
0.990658 0.130643 -0.039101
0.987897 0.141021 -0.064595
0.979642 0.144120 -0.139751
0.981274 0.152002 -0.118312
0.935303 0.192659 -0.296800
0.928108 0.164111 -0.334189
0.871939 0.207074 -0.443670
0.858270 0.239632 -0.453816
0.814130 0.234868 -0.531065
0.790108 0.235280 -0.566014
0.788790 0.232960 -0.568806
0.788665 0.233662 -0.568691
0.789126 0.231268 -0.569030
0.789904 0.226826 -0.569738
0.783899 0.255850 -0.565724
0.988433 0.137702 -0.063552
0.989253 0.135831 -0.054113
0.988555 0.137407 -0.062278
0.988891 0.136730 -0.058300
0.989679 0.134699 -0.048913
0.988580 0.137318 -0.062070
0.989611 0.134864 -0.049808
0.988549 0.137449 -0.062280
0.989191 0.135938 -0.054977
0.988412 0.137799 -0.063656
0.988546 0.137800 -0.061547
0.988458 0.137740 -0.063081
0.986603 0.143053 -0.078420
0.983459 0.151021 -0.100008
0.987835 0.140542 -0.066561
0.977922 0.162512 -0.131372
0.977661 0.162471 -0.133348
0.954193 0.194749 -0.227133
0.944025 0.204726 -0.258659
0.988340 0.137886 -0.064590
0.988341 0.137875 -0.064590
0.988333 0.137943 -0.064568
0.988327 0.137983 -0.064572
0.988327 0.137986 -0.064565
0.988325 0.138011 -0.064546
0.987712 0.139875 -0.069709
0.986736 0.142666 -0.077444
0.979906 0.158213 -0.121457
0.948320 0.200897 -0.245622
0.988346 0.137864 -0.064549
0.988336 0.137936 -0.064540
0.988324 0.138031 -0.064525
0.988330 0.137979 -0.064545
0.988312 0.138125 -0.064508
0.988323 0.138037 -0.064531
0.988323 0.138049 -0.064502
0.987082 0.141661 -0.074840
0.978417 0.161045 -0.129479
0.947415 0.201804 -0.248353
0.988335 0.137961 -0.064504
0.988332 0.137987 -0.064494
0.988331 0.137988 -0.064501
0.988321 0.138062 -0.064506
0.988321 0.138065 -0.064501
0.988327 0.138028 -0.064482
0.987004 0.141909 -0.075403
0.978846 0.160257 -0.127191
0.948145 0.201098 -0.246130
0.773968 0.297990 -0.558726
0.773856 0.298033 -0.558859
0.773953 0.298017 -0.558734
0.773850 0.298050 -0.558858
0.773938 0.298032 -0.558745
0.773841 0.298061 -0.558865
0.773927 0.298032 -0.558761
0.773832 0.298062 -0.558876
0.773909 0.298015 -0.558795
0.773824 0.298050 -0.558894
0.773820 0.298021 -0.558916
0.773793 0.298041 -0.558942
0.773718 0.298047 -0.559042
0.773727 0.298054 -0.559026
0.773590 0.298105 -0.559189
0.773629 0.298097 -0.559139
0.988319 0.138093 -0.064473
0.988322 0.138063 -0.064477
0.988312 0.138141 -0.064470
0.988313 0.138132 -0.064469
0.988322 0.138063 -0.064479
0.988312 0.138140 -0.064471
0.988317 0.138100 -0.064477
0.988311 0.138150 -0.064471
0.988315 0.138123 -0.064469
0.988306 0.138187 -0.064468
0.988321 0.138077 -0.064468
0.988309 0.138162 -0.064467
0.987377 0.140887 -0.072372
0.987837 0.139586 -0.068509
0.980856 0.156401 -0.116022
0.983844 0.150007 -0.097715
0.953766 0.195244 -0.228493
0.965486 0.181231 -0.187062
0.810660 0.301051 -0.502194
0.810003 0.298513 -0.504763
0.810908 0.302220 -0.501091
0.810932 0.302203 -0.501061
0.810942 0.302203 -0.501045
0.810957 0.302199 -0.501023
0.810957 0.302205 -0.501020
0.810955 0.302208 -0.501021
0.801747 0.268232 -0.534091
0.807748 0.289744 -0.513411
0.722108 0.079273 -0.687224
0.722110 0.079275 -0.687221
0.810957 0.302174 -0.501038
0.810965 0.302165 -0.501031
0.810954 0.302167 -0.501048
0.811018 0.302142 -0.500959
0.811024 0.302133 -0.500954
0.810957 0.302151 -0.501052
0.811072 0.302067 -0.500917
0.811048 0.302078 -0.500949
0.811069 0.302035 -0.500941
0.811022 0.302061 -0.501001
0.810947 0.302123 -0.501086
0.721931 0.079256 -0.687411
0.721921 0.079272 -0.687420
0.721853 0.079271 -0.687491
0.721850 0.079286 -0.687492
0.721907 0.079278 -0.687434
0.721912 0.079274 -0.687429
0.721846 0.079293 -0.687496
0.721840 0.079280 -0.687504
0.725473 0.085829 -0.682877
0.721919 0.079283 -0.687421
0.742685 0.119502 -0.658891
0.768123 0.175241 -0.615855
0.810833 0.302217 -0.501213
0.810864 0.302167 -0.501193
0.810883 0.302144 -0.501176
0.810860 0.302174 -0.501195
0.810904 0.302096 -0.501171
0.810902 0.302093 -0.501176
0.810907 0.302074 -0.501180
0.810860 0.302155 -0.501207
0.810798 0.302211 -0.501273
0.810753 0.302227 -0.501337
0.810817 0.302202 -0.501249
0.810825 0.302205 -0.501234
0.810838 0.302200 -0.501215
0.810871 0.302130 -0.501204
0.810911 0.302054 -0.501185
0.810769 0.302261 -0.501290
0.810767 0.302252 -0.501298
0.725556 0.074389 -0.684131
0.726719 0.072962 -0.683050
0.721616 0.079195 -0.687749
0.721623 0.079215 -0.687740
0.721668 0.079194 -0.687694
0.721406 0.079822 -0.687896
0.721654 0.079301 -0.687697
0.721643 0.079253 -0.687714
0.728131 0.075543 -0.681262
0.723316 0.080813 -0.685772
0.720204 0.083320 -0.688741
0.720711 0.081997 -0.688369
0.721589 0.079811 -0.687706
0.721538 0.079928 -0.687746
0.721784 0.079319 -0.687559
0.721296 0.080295 -0.687957
0.721599 0.079564 -0.687725
0.719946 0.087991 -0.688430
0.722933 0.083589 -0.685843
0.720001 0.083706 -0.688906
0.721475 0.079942 -0.687811
0.717035 0.093169 -0.690783
0.718732 0.086216 -0.689921
0.713212 0.101267 -0.693594
0.718628 0.082330 -0.690504
0.721776 0.079314 -0.687568
0.723454 0.082370 -0.685441
0.733504 0.101487 -0.672066
0.752245 0.142701 -0.643245
0.789207 0.241284 -0.564743
0.716801 0.079938 -0.692681
0.786950 -0.006721 -0.616981
0.747742 0.047622 -0.662280
0.810484 -0.024127 -0.585264
0.753549 0.046462 -0.655748
0.815091 0.000126 -0.579333
0.763019 0.059438 -0.643637
0.834086 0.026515 -0.550996
0.736144 0.087943 -0.671088
0.786095 0.095269 -0.610719
0.726266 0.103186 -0.679625
0.712262 0.120003 -0.691579
0.730004 0.143536 -0.668201
0.748504 0.121064 -0.651985
0.713290 0.098398 -0.693928
0.696606 0.131298 -0.705338
0.709050 0.097409 -0.698398
0.676012 0.124424 -0.726310
0.776273 0.227666 -0.587850
0.700711 0.088073 -0.707988
0.660715 0.091376 -0.745054
0.700571 0.079550 -0.709135
0.653440 0.059896 -0.754605
0.652423 0.056503 -0.755746
0.698462 0.063111 -0.712858
0.686724 0.055469 -0.724799
0.737781 0.071299 -0.671264
0.772920 0.083858 -0.628937
0.873972 0.330573 -0.356223
0.875945 0.280407 -0.392545
0.870884 0.289414 -0.397240
0.872131 0.337604 -0.354135
0.868703 0.367312 -0.332320
0.863640 0.373264 -0.338822
0.851788 0.396405 -0.342521
0.849227 0.411094 -0.331384
0.861931 0.389614 -0.324461
0.568623 0.102288 -0.816214
0.582580 0.106342 -0.805787
0.661394 0.129816 -0.738719
0.718430 0.138704 -0.681631
0.668598 0.086222 -0.738609
0.698136 0.083025 -0.711135
0.822051 -0.012228 -0.569283
0.805731 -0.008448 -0.592222
0.760945 0.031730 -0.648040
0.704972 0.075527 -0.705202
0.607913 0.127678 -0.783671
0.674688 0.078525 -0.733915
0.762543 0.005505 -0.646914
0.732456 0.025421 -0.680340
0.570360 0.126410 -0.811610
0.624920 0.099057 -0.774379
0.560046 0.094819 -0.823017
0.596345 0.079289 -0.798803
0.638755 0.076482 -0.765600
0.679252 0.060680 -0.731392
0.534522 0.077354 -0.841607
0.568887 0.072737 -0.819193
0.537464 0.046808 -0.841987
0.556252 0.055261 -0.829174
0.549175 0.018485 -0.835503
0.573099 0.030967 -0.818901
0.562718 0.008051 -0.826610
0.593755 0.012659 -0.804546
0.575960 0.012496 -0.817382
0.597573 0.009975 -0.801752
0.596818 0.028286 -0.801878
0.543250 0.094876 -0.834193
0.561959 0.117493 -0.818778
0.587360 0.164174 -0.792499
0.605063 0.171735 -0.777436
0.593802 0.176442 -0.785027
0.656832 0.179878 -0.732267
0.641917 0.200054 -0.740216
0.702808 0.164892 -0.692005
0.743499 0.204370 -0.636743
0.778126 0.163490 -0.606458
0.809202 0.206167 -0.550170
0.865168 0.176429 -0.469422
0.841481 0.179489 -0.509601
0.727565 0.345213 -0.592855
0.699520 0.350038 -0.623014
0.804077 0.343077 -0.485549
0.803812 0.343314 -0.485821
0.804035 0.343274 -0.485480
0.801877 0.343363 -0.488974
0.802782 0.344257 -0.486856
0.800738 0.346701 -0.488484
0.803283 0.343878 -0.486297
0.821512 -0.053700 -0.567657
0.854702 -0.086156 -0.511920
0.790042 -0.016983 -0.612817
0.845479 -0.057418 -0.530913
0.649062 0.065131 -0.757942
0.734399 0.025770 -0.678228
0.807864 -0.008239 -0.589312
0.727353 0.039349 -0.685135
0.798891 0.019102 -0.601173
0.616141 0.065673 -0.784893
0.616438 0.045228 -0.786103
0.677020 0.050439 -0.734234
0.753678 0.040370 -0.656003
0.691315 0.040109 -0.721439
0.743482 0.047333 -0.667079
0.619170 0.020740 -0.784983
0.629374 0.012580 -0.777001
0.657585 0.028690 -0.752834
0.710331 0.038491 -0.702814
0.676291 0.024371 -0.736231
0.738765 0.049533 -0.672140
0.652667 0.017977 -0.757432
0.699583 0.027873 -0.714007
0.743722 0.051452 -0.666506
0.744057 0.050716 -0.666188
0.796673 0.243910 -0.553010
0.872584 0.203234 -0.444176
0.851151 0.221187 -0.476045
0.882254 0.209104 -0.421787
0.886808 0.222003 -0.405321
0.882886 0.250512 -0.397184
0.893744 0.242920 -0.377108
0.893036 0.263706 -0.364617
0.896399 0.260077 -0.358928
0.869519 0.364284 -0.333516
0.872882 0.356837 -0.332782
0.863618 0.385979 -0.324321
0.889715 0.308911 -0.336127
0.883459 0.313861 -0.347838
0.898835 0.272090 -0.343603
0.878613 0.343785 -0.331439
0.840449 0.404568 -0.360514
0.852791 0.403287 -0.331823
0.863384 0.365775 -0.347528
0.833212 0.425310 -0.353369
0.823165 0.107072 -0.557615
0.792150 0.074729 -0.605734
0.829704 0.106381 -0.547973
0.892268 0.282518 -0.352194
0.899194 0.273214 -0.341765
0.896933 0.292417 -0.331669
0.902134 0.277947 -0.329999
0.883511 0.325085 -0.337235
0.841750 0.383197 -0.380286
0.810738 0.372269 -0.451796
0.837356 0.358395 -0.412780
0.868492 0.330260 -0.369662
0.889155 0.166033 -0.426422
0.902096 0.193758 -0.385591
0.928726 0.239848 -0.282738
0.926145 0.111121 -0.360428
0.921180 0.157941 -0.355642
0.933374 0.211920 -0.289658
0.894463 0.298306 -0.333090
0.890611 0.306726 -0.335755
0.906312 0.286472 -0.310697
0.900815 0.281757 -0.330372
0.907734 0.272849 -0.318704
0.891241 0.298094 -0.341803
0.902931 0.272461 -0.332386
0.834737 0.328430 -0.441982
0.879221 0.291664 -0.376700
0.889501 0.286040 -0.356327
0.865383 0.301108 -0.400557
0.816899 0.329915 -0.473108
0.790995 0.368289 -0.488560
0.760053 0.314144 -0.568888
0.771566 0.352502 -0.529555
0.747993 0.356799 -0.559643
0.786093 0.282402 -0.549825
0.814064 0.298139 -0.498411
0.855485 0.278517 -0.436547
0.737789 0.314843 -0.597110
0.717466 0.370632 -0.589809
0.759650 0.270279 -0.591507
0.707891 0.313719 -0.632828
0.690571 0.341476 -0.637578
0.729151 0.276159 -0.626159
0.639853 0.312738 -0.701985
0.648777 0.317974 -0.691362
0.631809 0.313027 -0.709106
0.639856 0.339831 -0.689275
0.633605 0.326995 -0.701156
0.637669 0.336893 -0.692735
0.629658 0.322492 -0.706774
0.626133 0.313693 -0.713831
0.629733 0.321119 -0.707332
0.630930 0.326576 -0.703758
0.638408 0.346366 -0.687362
0.635102 0.357096 -0.684928
0.671865 0.310014 -0.672672
0.668193 0.333800 -0.664902
0.701533 0.276147 -0.656959
0.637810 0.320517 -0.700334
0.664136 0.292573 -0.687986
0.634121 0.354659 -0.687101
0.637196 0.378553 -0.671326
0.647213 0.365161 -0.669158
0.643487 0.345358 -0.683119
0.664836 0.371806 -0.647884
0.660597 0.355544 -0.661211
0.694577 0.363355 -0.620915
0.656443 0.378543 -0.652524
0.657527 0.397772 -0.639871
0.652364 0.388908 -0.650516
0.646096 0.392192 -0.654787
0.661283 0.403547 -0.632340
0.683050 0.400357 -0.610866
0.705027 0.379746 -0.598940
0.690550 0.435635 -0.577375
0.675690 0.421422 -0.604852
0.710179 0.409450 -0.572709
0.727089 0.379466 -0.572143
0.704607 0.442643 -0.554613
0.934311 0.276653 -0.224780
0.940992 0.293908 -0.167789
0.959269 0.133834 -0.248778
0.960530 0.211150 -0.181100
0.948275 0.263666 -0.176789
0.907232 0.307859 -0.286622
0.922626 0.286559 -0.258156
0.923683 0.301512 -0.236433
0.923461 0.266034 -0.276487
0.923128 0.250017 -0.292108
0.891375 0.269205 -0.364662
0.910585 0.252828 -0.326976
0.886130 0.270108 -0.376583
0.902243 0.250671 -0.350887
0.827759 0.239763 -0.507276
0.891743 0.230007 -0.389732
0.899891 0.243385 -0.361885
0.874636 0.220048 -0.431962
0.806135 0.228039 -0.546026
0.760451 0.239820 -0.603491
0.875562 0.172303 -0.451335
0.838904 0.183801 -0.512306
0.716336 0.260916 -0.647136
0.654613 0.321277 -0.684298
0.685600 0.290505 -0.667503
0.800675 0.213126 -0.559908
0.738268 0.265224 -0.620175
0.636886 0.350162 -0.686850
0.657251 0.364170 -0.659850
0.711335 0.318849 -0.626369
0.645493 0.413447 -0.642184
0.645266 0.395073 -0.653873
0.659723 0.408461 -0.630813
0.659955 0.420888 -0.622344
0.657842 0.438042 -0.612669
0.664278 0.419897 -0.618402
0.670153 0.445753 -0.593464
0.689980 0.443872 -0.571757
0.705340 0.463004 -0.536770
0.690358 0.453243 -0.563894
0.675916 0.441653 -0.589983
0.881722 -0.133391 -0.452519
0.896124 -0.105011 -0.431202
0.900411 -0.097703 -0.423927
0.904973 -0.091597 -0.415492
0.913278 -0.080549 -0.399293
0.919884 -0.066565 -0.386500
0.922300 -0.053627 -0.382735
0.926086 -0.049044 -0.374112
0.931753 -0.013921 -0.362826
0.929360 -0.029936 -0.367960
0.932586 -0.003229 -0.360934
0.933639 0.009913 -0.358078
0.934452 0.011439 -0.355905
0.933848 0.032341 -0.356206
0.933853 0.019057 -0.357148
0.931785 0.032781 -0.361526
0.928800 0.027572 -0.369555
0.923257 0.007991 -0.384099
0.916795 -0.027551 -0.398408
0.910912 -0.069861 -0.406643
0.909696 -0.075666 -0.408322
0.909268 -0.109487 -0.401552
0.908320 -0.102863 -0.405431
0.910259 -0.140770 -0.389374
0.912339 -0.128997 -0.388585
0.916624 -0.159455 -0.366570
0.920000 -0.176019 -0.350167
0.925194 -0.181837 -0.333092
0.932304 -0.175891 -0.316026
0.946856 -0.147790 -0.285695
0.945613 -0.151604 -0.287806
0.960527 -0.120783 -0.250599
0.963248 -0.112159 -0.244075
0.975654 -0.077429 -0.205191
0.983039 -0.052600 -0.175691
0.980140 -0.026250 -0.196563
0.983975 0.010973 -0.177967
0.983316 0.073359 -0.166458
0.939864 0.329778 -0.088897
0.946526 0.318947 -0.048586
0.983065 0.170183 -0.067977
0.969336 0.243405 -0.033801
0.958829 0.273193 -0.077544
0.948820 0.237541 -0.208121
0.941215 0.260849 -0.214642
0.939293 0.241519 -0.243715
0.939387 0.232086 -0.252365
0.938975 0.229381 -0.256339
0.931935 0.223546 -0.285524
0.942907 0.185162 -0.276842
0.943773 0.152629 -0.293251
0.941851 0.085800 -0.324894
0.931748 0.135027 -0.337066
0.918161 0.114840 -0.379199
0.908167 0.116112 -0.402183
0.906328 0.117587 -0.405885
0.900766 0.146187 -0.408962
0.853952 0.219689 -0.471702
0.708168 0.464040 -0.532132
0.704081 0.446354 -0.552303
0.681795 0.463862 -0.565674
0.824746 0.320113 -0.466177
0.790499 0.308267 -0.529228
0.744136 0.395995 -0.538005
0.679096 0.482325 -0.553345
0.670763 0.460066 -0.581736
0.674617 0.463126 -0.574810
0.684126 0.476720 -0.552005
0.695923 0.491411 -0.523647
0.690426 0.501070 -0.521766
0.670866 0.465298 -0.577440
0.672722 0.474686 -0.567554
0.935791 0.352539 -0.003443
0.943571 0.325209 -0.062551
0.943502 0.330784 0.019664
0.937644 0.340603 -0.069375
0.950143 0.311480 -0.014467
0.948597 0.315836 0.020281
0.958382 0.285365 0.008392
0.957605 0.287977 -0.007849
0.964307 0.264447 -0.013424
0.964120 0.263330 -0.033610
0.957953 0.284056 -0.040482
0.947901 0.272713 -0.164653
0.961761 0.232244 -0.145184
0.941028 0.288298 -0.177062
0.953276 0.256695 -0.159289
0.930482 0.309603 -0.195829
0.945502 0.277114 -0.170981
0.931548 0.311406 -0.187738
0.927295 0.316124 -0.200473
0.940031 0.296611 -0.168415
0.943899 0.287807 -0.161934
0.932216 0.301292 -0.200493
0.944398 0.283055 -0.167310
0.942627 0.277661 -0.185360
0.949157 0.264842 -0.170178
0.953406 0.243859 -0.177624
0.925202 -0.084609 -0.369922
0.916574 -0.109367 -0.384617
0.922893 -0.127479 -0.363341
0.912689 -0.092321 -0.398089
0.950792 -0.057609 -0.304428
0.931846 -0.052998 -0.358962
0.922162 -0.068314 -0.380725
0.957141 -0.004851 -0.289582
0.966692 0.017989 -0.255308
0.918293 -0.072117 -0.389278
0.954608 -0.009418 -0.297715
0.922119 -0.062576 -0.381814
0.954699 -0.003533 -0.297554
0.933140 -0.029987 -0.358260
0.949756 -0.004670 -0.312957
0.947630 -0.000547 -0.319371
0.937060 -0.006289 -0.349112
0.931250 -0.008059 -0.364292
0.932555 0.000975 -0.361025
0.944194 0.009325 -0.329257
0.958878 0.027595 -0.282473
0.970315 0.046623 -0.237308
0.941691 0.001630 -0.336474
0.972172 0.023866 -0.233048
0.950732 -0.020940 -0.309305
0.984901 0.085364 -0.150606
0.981524 0.067333 -0.179101
0.988123 0.116429 -0.100284
0.988376 0.124002 -0.087962
0.979846 0.060043 -0.190516
0.988042 0.114544 -0.103213
0.980092 0.062347 -0.188503
0.987486 0.106620 -0.116208
0.981342 0.071539 -0.178465
0.987765 0.112254 -0.108253
0.986424 0.104682 -0.126525
0.988362 0.131953 -0.075696
0.982618 0.086415 -0.164301
0.988324 0.126028 -0.085629
0.987038 0.096231 -0.128435
0.989408 0.121002 -0.080188
0.988678 0.077804 -0.128305
0.991846 0.114105 -0.056762
0.901162 0.401684 -0.162963
0.952451 -0.038714 -0.302221
0.847764 -0.002133 -0.530370
0.754075 0.207617 -0.623110
0.812043 0.201065 -0.547868
0.737505 0.200470 -0.644901
0.717293 0.196660 -0.668443
0.700511 0.204690 -0.683656
0.700290 0.197202 -0.686080
0.694620 0.190257 -0.693762
0.705702 0.182926 -0.684488
0.729580 0.189191 -0.657206
0.988388 0.135172 -0.069404
0.988349 0.136483 -0.067365
0.988425 0.133040 -0.072907
0.988383 0.135849 -0.068144
0.988455 0.131750 -0.074831
0.988324 0.138052 -0.064483
0.988333 0.137993 -0.064470
0.988532 0.136808 -0.063940
0.989436 0.133545 -0.056402
0.991247 0.127908 -0.032685
0.988304 0.138182 -0.064506
0.988298 0.138230 -0.064500
0.988312 0.138122 -0.064510
0.988317 0.138087 -0.064504
0.988316 0.138094 -0.064507
0.988330 0.138002 -0.064500
0.988332 0.137994 -0.064484
0.988495 0.137636 -0.062725
0.989302 0.135765 -0.053375
0.990644 0.132004 -0.034629
0.988301 0.138202 -0.064508
0.988306 0.138166 -0.064511
0.988310 0.138130 -0.064527
0.988302 0.138191 -0.064519
0.988321 0.138049 -0.064531
0.988327 0.138010 -0.064520
0.988333 0.137975 -0.064507
0.988520 0.137577 -0.062453
0.989100 0.136275 -0.055762
0.990879 0.131164 -0.030910
0.988311 0.138116 -0.064545
0.988302 0.138184 -0.064531
0.988320 0.138044 -0.064552
0.988327 0.137995 -0.064547
0.988331 0.137973 -0.064535
0.988584 0.137419 -0.061794
0.989488 0.135283 -0.051101
0.991291 0.129613 -0.023275
0.992327 0.115890 0.043093
0.992348 0.116118 0.041972
0.988307 0.138125 -0.064579
0.988300 0.138191 -0.064550
0.988314 0.138065 -0.064598
0.988319 0.138031 -0.064600
0.988322 0.138013 -0.064596
0.988381 0.137874 -0.063976
0.988959 0.136562 -0.057533
0.989106 0.136253 -0.055722
0.990132 0.133576 -0.042374
0.964711 0.179658 -0.192500
0.771982 0.303310 -0.558611
0.773994 0.297807 -0.558788
0.773252 0.300460 -0.558395
0.773169 0.300617 -0.558425
0.773648 0.298211 -0.559052
0.772391 0.300996 -0.559298
0.772796 0.300207 -0.559162
0.773098 0.299539 -0.559102
0.773483 0.298175 -0.559299
0.773574 0.298131 -0.559197
0.772432 0.300591 -0.559459
0.773489 0.298162 -0.559298
0.988299 0.138205 -0.064531
0.988296 0.138229 -0.064529
0.988300 0.138188 -0.064549
0.988302 0.138182 -0.064543
0.988309 0.138125 -0.064544
0.988301 0.138198 -0.064516
0.988306 0.138138 -0.064570
0.988307 0.138132 -0.064559
0.988313 0.138098 -0.064547
0.988310 0.138104 -0.064578
0.988309 0.138118 -0.064558
0.988314 0.138087 -0.064547
0.988312 0.138089 -0.064576
0.988309 0.138123 -0.064551
0.988318 0.138059 -0.064558
0.988319 0.138037 -0.064585
0.988318 0.138057 -0.064563
0.988308 0.138136 -0.064547
0.988315 0.138072 -0.064564
0.988327 0.137989 -0.064574
0.988347 0.137932 -0.064386
0.988335 0.137926 -0.064585
0.988310 0.138134 -0.064515
0.988302 0.138198 -0.064499
0.988317 0.138078 -0.064527
0.988321 0.138050 -0.064531
0.988324 0.138023 -0.064540
0.988326 0.138001 -0.064555
0.988335 0.137940 -0.064552
0.988338 0.137915 -0.064551
0.988310 0.138146 -0.064491
0.988302 0.138206 -0.064483
0.988317 0.138089 -0.064498
0.988323 0.138050 -0.064502
0.988328 0.138006 -0.064509
0.988334 0.137960 -0.064525
0.988341 0.137918 -0.064511
0.988331 0.137985 -0.064508
0.773528 0.298136 -0.559258
0.988306 0.138184 -0.064475
0.988300 0.138229 -0.064474
0.988312 0.138135 -0.064477
0.988317 0.138101 -0.064479
0.988322 0.138066 -0.064480
0.988332 0.137994 -0.064486
0.988321 0.138071 -0.064476
0.988329 0.138016 -0.064480
0.988300 0.138228 -0.064471
0.988297 0.138246 -0.064471
0.988304 0.138198 -0.064470
0.988307 0.138174 -0.064470
0.988310 0.138155 -0.064470
0.988313 0.138134 -0.064471
0.988313 0.138133 -0.064470
0.988314 0.138130 -0.064469
0.810930 0.302227 -0.501050
0.810907 0.302242 -0.501078
0.810949 0.302215 -0.501026
0.810923 0.302228 -0.501062
0.810928 0.302229 -0.501052
0.810981 0.302189 -0.500991
0.810956 0.302207 -0.501020
0.811019 0.302159 -0.500947
0.810981 0.302184 -0.500994
0.811047 0.302124 -0.500923
0.810995 0.302162 -0.500985
0.811054 0.302103 -0.500925
0.810999 0.302143 -0.500989
0.811050 0.302084 -0.500942
0.810990 0.302134 -0.501009
0.811029 0.302084 -0.500977
0.810968 0.302140 -0.501041
0.810971 0.302121 -0.501047
0.810958 0.302197 -0.501023
0.810954 0.302196 -0.501029
0.810893 0.302166 -0.501147
0.810905 0.302163 -0.501129
0.810912 0.302166 -0.501115
0.810911 0.302142 -0.501132
0.808782 0.293660 -0.509545
0.799764 0.261537 -0.540347
0.810001 0.298219 -0.504940
0.810804 0.301424 -0.501737
0.810916 0.302086 -0.501158
0.810897 0.302101 -0.501180
0.810859 0.302145 -0.501214
0.810867 0.302153 -0.501196
0.809374 0.296178 -0.507141
0.810870 0.302064 -0.501245
0.810875 0.302045 -0.501248
0.810860 0.302081 -0.501252
0.810850 0.302118 -0.501246
0.721788 0.079271 -0.687560
0.721740 0.079296 -0.687607
0.721790 0.079292 -0.687555
0.721655 0.079550 -0.687667
0.721808 0.079297 -0.687536
0.721730 0.079495 -0.687595
0.721835 0.079287 -0.687509
0.723601 0.082503 -0.685270
0.735868 0.105929 -0.668788
0.724844 0.084842 -0.683669
0.737122 0.108525 -0.666988
0.763150 0.163698 -0.625144
0.760281 0.157250 -0.630274
0.721697 0.079301 -0.687652
0.721637 0.079527 -0.687688
0.721777 0.079299 -0.687568
0.721792 0.079303 -0.687552
0.722438 0.080448 -0.686740
0.729391 0.093517 -0.677675
0.754474 0.144468 -0.640233
0.800749 0.273010 -0.533167
0.808208 0.295465 -0.509412
0.806331 0.297079 -0.511444
0.809028 0.300150 -0.505354
0.796965 0.284794 -0.532672
0.809277 0.300464 -0.504769
0.806293 0.296304 -0.511953
0.810693 0.302060 -0.501534
0.810733 0.302132 -0.501426
0.810634 0.302108 -0.501600
0.811362 0.301630 -0.500711
0.810827 0.297870 -0.503818
0.810603 0.302217 -0.501585
0.812273 0.301639 -0.499226
0.811436 0.302321 -0.500173
0.808592 0.297080 -0.507860
0.784102 0.255325 -0.565679
0.794128 0.280273 -0.539266
0.790700 0.280548 -0.544139
0.745227 0.227995 -0.626622
0.762688 0.251752 -0.595758
0.753541 0.240664 -0.611766
0.747542 0.216133 -0.628066
0.794967 0.273465 -0.541520
0.775354 0.214235 -0.594078
0.804176 0.272410 -0.528293
0.801542 0.221978 -0.555208
0.656565 0.151820 -0.738832
0.682137 0.177616 -0.709325
0.709094 0.192947 -0.678202
0.784026 0.098968 -0.612787
0.869811 0.293089 -0.396897
0.869493 0.333151 -0.364682
0.875542 0.200769 -0.439453
0.884397 0.265931 -0.383566
0.874131 0.338420 -0.348376
0.878846 0.309627 -0.362988
0.867374 0.373462 -0.328920
0.859882 0.396807 -0.321167
0.850053 0.416084 -0.322930
0.826239 0.439539 -0.352328
0.787219 0.341816 -0.513273
0.764640 0.341492 -0.546543
0.793336 0.342131 -0.503552
0.785500 0.341308 -0.516235
0.754743 0.338508 -0.561939
0.721080 0.454897 -0.522602
0.754532 0.477805 -0.449871
0.788699 0.468398 -0.398192
0.718770 0.466474 -0.515530
0.730510 0.482292 -0.483476
0.717486 0.430783 -0.547394
0.706217 0.432577 -0.560477
0.712883 0.453382 -0.535017
0.696487 0.385073 -0.605495
0.702325 0.410402 -0.581644
0.682945 0.357884 -0.636792
0.681883 0.339506 -0.647898
0.721712 0.337647 -0.604257
0.801109 0.342899 -0.490555
0.795059 0.342663 -0.500464
0.803610 0.343213 -0.486226
0.574948 0.041757 -0.817124
0.583309 0.063480 -0.809766
0.877570 0.330070 -0.347741
0.848033 0.413598 -0.331327
0.761424 0.338826 -0.552657
0.764382 0.476109 -0.434788
0.722247 0.471633 -0.505887
0.709192 0.445552 -0.546380
0.683358 0.387372 -0.618841
0.669493 0.364802 -0.647069
0.658415 0.344481 -0.669195
0.624411 0.051402 -0.779403
0.664641 0.055202 -0.745121
0.635682 0.070052 -0.768766
0.678324 0.066270 -0.731768
0.604123 0.089562 -0.791842
0.617847 0.116037 -0.777689
0.625638 0.154477 -0.764666
0.701101 0.399944 -0.590341
0.659294 0.355501 -0.662534
0.678397 0.365431 -0.637368
0.769773 0.408247 -0.490698
0.645366 0.331834 -0.688033
0.656765 0.334983 -0.675608
0.627732 0.314723 -0.711971
0.626703 0.315801 -0.712399
0.734470 0.359779 -0.575424
0.754415 0.364637 -0.545800
0.661970 0.341666 -0.667128
0.871075 0.134429 -0.472395
0.870376 0.140940 -0.471786
0.904427 0.163128 -0.394210
0.907073 0.176130 -0.382357
0.902591 0.213061 -0.374077
0.838580 0.235122 -0.491428
0.858750 0.299228 -0.415945
0.884971 0.269166 -0.379969
0.893426 0.241604 -0.378704
0.825563 0.306316 -0.473938
0.798445 0.349721 -0.490083
0.797343 0.352508 -0.489880
0.732272 0.461739 -0.500575
0.722432 0.444666 -0.529495
0.743945 0.449483 -0.494480
0.929999 0.213850 -0.298950
0.919463 0.211536 -0.331422
0.940218 0.207799 -0.269833
0.956655 0.225286 -0.184549
0.949789 0.217696 -0.224743
0.911709 0.291419 -0.289589
0.934274 0.264914 -0.238647
0.935166 0.241506 -0.259112
0.887744 0.314102 -0.336526
0.870471 0.322361 -0.371973
0.874896 0.322221 -0.361567
0.896289 0.332928 -0.292960
0.884793 0.312625 -0.345554
0.900169 0.332497 -0.281320
0.719568 0.469079 -0.512043
0.939469 0.284204 -0.191379
0.946194 0.284155 -0.154832
0.954576 0.270822 -0.124261
0.963592 0.255838 -0.077696
0.955263 0.250454 -0.157306
0.927073 0.296975 -0.228781
0.917474 0.314829 -0.243154
0.914984 0.329226 -0.233268
0.913465 0.321169 -0.249865
0.916687 0.328934 -0.226907
0.919734 0.312019 -0.238190
0.933656 0.285977 -0.215648
0.914391 0.211776 -0.345023
0.919195 0.187638 -0.346227
0.868631 0.153371 -0.471124
0.862599 0.167170 -0.477470
0.810021 0.236297 -0.536684
0.688474 0.406500 -0.600635
0.657237 0.440645 -0.611451
0.665089 0.447295 -0.597983
0.691729 0.471411 -0.547067
0.903914 -0.092281 -0.417641
0.904139 -0.091928 -0.417232
0.899274 -0.100563 -0.425667
0.909784 -0.083455 -0.406606
0.911334 -0.082661 -0.403284
0.912973 -0.078748 -0.400349
0.916761 -0.075615 -0.392215
0.919203 -0.067268 -0.387995
0.926611 -0.045351 -0.373277
0.932990 -0.010662 -0.359743
0.931404 -0.017014 -0.363589
0.933220 0.005145 -0.359270
0.934115 0.028933 -0.355797
0.932278 0.014249 -0.361461
0.932246 0.027399 -0.360787
0.930438 0.011058 -0.366283
0.926796 0.015749 -0.375236
0.927290 -0.002018 -0.374338
0.920995 -0.000338 -0.389575
0.920973 -0.013860 -0.389381
0.916577 -0.052741 -0.396366
0.922836 -0.153295 -0.353375
0.930129 -0.154800 -0.333011
0.936428 -0.157223 -0.313661
0.940707 -0.155228 -0.301621
0.888285 -0.119966 -0.443349
0.890138 -0.116158 -0.440637
0.898883 -0.102687 -0.425987
0.902812 -0.097680 -0.418796
0.929774 -0.034108 -0.366547
0.974946 0.124816 -0.184121
0.963866 0.122796 -0.236395
0.955909 0.131333 -0.262659
0.941872 0.140649 -0.305115
0.969860 0.041284 -0.240138
0.749873 0.188480 -0.634165
0.766391 0.220573 -0.603318
0.828786 0.355418 -0.432195
0.783143 0.272569 -0.558921
0.852574 0.423826 -0.305760
0.985459 0.138298 0.098710
0.981315 0.021092 -0.191247
0.898894 0.430539 -0.081395
0.899689 0.428780 -0.081899
0.754507 0.150647 -0.638769
0.721346 0.131210 -0.680033
0.700594 0.125093 -0.702509
0.682590 0.124366 -0.720142
0.672576 0.142916 -0.726097
0.664670 0.164832 -0.728728
0.763201 0.354136 -0.540473
0.665884 0.235722 -0.707837
0.680181 0.260221 -0.685302
0.703716 0.313677 -0.637488
0.788499 0.541727 -0.291207
0.711940 0.405606 -0.573258
0.850092 0.179483 -0.495106
0.827418 0.149285 -0.541381
0.807165 0.192505 -0.558055
0.800299 0.175949 -0.573205
0.798093 0.179951 -0.575035
0.797954 0.180942 -0.574916
0.797899 0.181079 -0.574950
0.795582 0.194689 -0.573712
0.787222 0.237031 -0.569296
0.988304 0.138150 -0.064570
0.988298 0.138210 -0.064541
0.988311 0.138093 -0.064591
0.988315 0.138065 -0.064595
0.988318 0.138042 -0.064594
0.988318 0.138045 -0.064585
0.988445 0.137757 -0.063238
0.988420 0.137839 -0.063450
0.988764 0.137108 -0.059559
0.988387 0.137958 -0.063712
0.988308 0.138129 -0.064552
0.988308 0.138134 -0.064549
0.773648 0.298182 -0.559067
0.988327 0.138026 -0.064483
0.773712 0.298094 -0.559026
0.773713 0.298104 -0.559020
0.773708 0.298112 -0.559022
0.773702 0.298114 -0.559029
0.773697 0.298109 -0.559038
0.773688 0.298100 -0.559056
0.773663 0.298096 -0.559092
0.773623 0.298107 -0.559142
