0.000000 0.469108 0.364232
1.000000 0.527785 0.323822
2.000000 0.504670 0.407814
3.000000 0.457681 0.317031
1.000000 0.527785 0.323822
0.000000 0.469108 0.364232
4.000000 0.269758 0.268041
5.000000 0.369750 0.321879
6.000000 0.304478 0.376452
7.000000 0.898414 0.218709
8.000000 0.938168 0.199347
9.000000 0.974458 0.297324
10.000000 0.912163 0.285138
7.000000 0.898414 0.218709
9.000000 0.974458 0.297324
11.000000 0.840387 0.364679
12.000000 0.804273 0.367596
13.000000 0.894391 0.324462
14.000000 0.733927 0.341029
15.000000 0.808746 0.273272
12.000000 0.804273 0.367596
16.000000 0.637402 0.332413
17.000000 0.660994 0.289414
18.000000 0.676979 0.321794
16.000000 0.637402 0.332413
19.000000 0.614351 0.302501
17.000000 0.660994 0.289414
16.000000 0.637402 0.332413
20.000000 0.605622 0.353482
19.000000 0.614351 0.302501
21.000000 0.450773 0.514159
22.000000 0.524664 0.611933
23.000000 0.448927 0.593034
24.000000 0.387145 0.624467
25.000000 0.389809 0.544431
23.000000 0.448927 0.593034
26.000000 0.423841 0.387358
3.000000 0.457681 0.317031
0.000000 0.469108 0.364232
27.000000 0.412751 0.315651
3.000000 0.457681 0.317031
26.000000 0.423841 0.387358
5.000000 0.369750 0.321879
27.000000 0.412751 0.315651
28.000000 0.359619 0.387113
28.000000 0.359619 0.387113
6.000000 0.304478 0.376452
5.000000 0.369750 0.321879
29.000000 0.119116 0.438858
30.000000 0.145695 0.378840
31.000000 0.166132 0.437019
32.000000 0.089999 0.409763
30.000000 0.145695 0.378840
29.000000 0.119116 0.438858
33.000000 0.170469 0.599260
34.000000 0.252356 0.614930
35.000000 0.233896 0.648934
36.000000 0.052375 0.603825
33.000000 0.170469 0.599260
37.000000 0.054602 0.651012
38.000000 0.006612 0.645090
39.000000 0.016763 0.551653
36.000000 0.052375 0.603825
38.000000 0.006612 0.645090
36.000000 0.052375 0.603825
37.000000 0.054602 0.651012
40.000000 0.719535 0.712120
41.000000 0.755241 0.683988
42.000000 0.736178 0.732534
43.000000 0.466407 0.662587
44.000000 0.564225 0.697572
45.000000 0.540543 0.734193
45.000000 0.540543 0.734193
46.000000 0.473764 0.712936
43.000000 0.466407 0.662587
47.000000 0.429667 0.722857
48.000000 0.434887 0.670726
46.000000 0.473764 0.712936
49.000000 0.763804 0.769728
42.000000 0.736178 0.732534
50.000000 0.850090 0.716502
42.000000 0.736178 0.732534
51.000000 0.703916 0.727500
40.000000 0.719535 0.712120
52.000000 0.594472 0.738923
44.000000 0.564225 0.697572
53.000000 0.612572 0.720565
52.000000 0.594472 0.738923
45.000000 0.540543 0.734193
44.000000 0.564225 0.697572
54.000000 0.927891 0.788276
55.000000 0.888911 0.749049
56.000000 0.953493 0.737778
57.000000 0.898835 0.785996
55.000000 0.888911 0.749049
54.000000 0.927891 0.788276
58.000000 0.724135 0.760733
59.000000 0.663895 0.768974
51.000000 0.703916 0.727500
60.000000 0.632818 0.739056
51.000000 0.703916 0.727500
59.000000 0.663895 0.768974
61.000000 0.611911 0.780457
53.000000 0.612572 0.720565
60.000000 0.632818 0.739056
52.000000 0.594472 0.738923
53.000000 0.612572 0.720565
61.000000 0.611911 0.780457
62.000000 0.972226 0.845655
63.000000 0.908809 0.831228
54.000000 0.927891 0.788276
64.000000 0.857553 0.807161
57.000000 0.898835 0.785996
63.000000 0.908809 0.831228
65.000000 0.396977 0.827676
66.000000 0.431166 0.758936
67.000000 0.479107 0.836562
68.000000 0.316752 0.747545
69.000000 0.348622 0.758197
70.000000 0.336103 0.829622
71.000000 0.253937 0.791420
68.000000 0.316752 0.747545
72.000000 0.242610 0.856677
73.000000 0.729160 0.874591
74.000000 0.791170 0.815112
75.000000 0.793520 0.881509
63.000000 0.908809 0.831228
62.000000 0.972226 0.845655
76.000000 0.957673 0.903741
75.000000 0.793520 0.881509
77.000000 0.868939 0.885696
78.000000 0.894673 0.939275
79.000000 0.759830 0.965432
80.000000 0.732295 0.920396
73.000000 0.729160 0.874591
81.000000 0.517214 0.904296
82.000000 0.571247 0.860045
83.000000 0.571858 0.929007
67.000000 0.479107 0.836562
81.000000 0.517214 0.904296
84.000000 0.469043 0.916531
85.000000 0.136172 0.935710
72.000000 0.242610 0.856677
86.000000 0.222935 0.944912
85.000000 0.136172 0.935710
87.000000 0.104579 0.947225
88.000000 0.057130 0.947245
88.000000 0.057130 0.947245
89.000000 0.037102 0.881960
90.000000 0.101031 0.845431
91.000000 0.001107 0.909194
92.000000 0.007599 0.839923
89.000000 0.037102 0.881960
93.000000 0.238931 0.151273
94.000000 0.334921 0.177659
4.000000 0.269758 0.268041
95.000000 0.144438 0.173625
96.000000 0.182295 0.194668
97.000000 0.143661 0.247301
95.000000 0.144438 0.173625
97.000000 0.143661 0.247301
98.000000 0.066150 0.183624
99.000000 0.933799 0.476240
100.000000 0.978495 0.517534
101.000000 0.936685 0.528964
102.000000 0.854139 0.451310
99.000000 0.933799 0.476240
101.000000 0.936685 0.528964
101.000000 0.936685 0.528964
103.000000 0.847678 0.539626
102.000000 0.854139 0.451310
104.000000 0.275484 0.565725
105.000000 0.154041 0.556527
106.000000 0.243881 0.494767
107.000000 0.533149 0.578692
21.000000 0.450773 0.514159
108.000000 0.523332 0.482556
109.000000 0.409116 0.491252
21.000000 0.450773 0.514159
25.000000 0.389809 0.544431
39.000000 0.016763 0.551653
110.000000 0.031133 0.533953
111.000000 0.077235 0.536579
112.000000 0.407732 0.174435
113.000000 0.393393 0.083118
114.000000 0.453053 0.131024
96.000000 0.182295 0.194668
115.000000 0.229790 0.105205
93.000000 0.238931 0.151273
112.000000 0.407732 0.174435
94.000000 0.334921 0.177659
113.000000 0.393393 0.083118
116.000000 0.216935 0.232781
4.000000 0.269758 0.268041
117.000000 0.225307 0.300971
97.000000 0.143661 0.247301
116.000000 0.216935 0.232781
117.000000 0.225307 0.300971
118.000000 0.024558 0.314044
119.000000 0.037488 0.246348
120.000000 0.094395 0.269567
106.000000 0.243881 0.494767
121.000000 0.304061 0.455137
104.000000 0.275484 0.565725
122.000000 0.156875 0.515908
123.000000 0.208319 0.479634
105.000000 0.154041 0.556527
124.000000 0.167632 0.477187
123.000000 0.208319 0.479634
122.000000 0.156875 0.515908
122.000000 0.156875 0.515908
125.000000 0.132527 0.474245
124.000000 0.167632 0.477187
115.000000 0.229790 0.105205
95.000000 0.144438 0.173625
126.000000 0.207929 0.057110
127.000000 0.153505 0.108070
126.000000 0.207929 0.057110
95.000000 0.144438 0.173625
15.000000 0.808746 0.273272
10.000000 0.912163 0.285138
13.000000 0.894391 0.324462
15.000000 0.808746 0.273272
128.000000 0.731461 0.255110
129.000000 0.825081 0.190546
130.000000 0.466240 0.276655
131.000000 0.490278 0.228247
132.000000 0.557833 0.259628
13.000000 0.894391 0.324462
12.000000 0.804273 0.367596
15.000000 0.808746 0.273272
133.000000 0.689404 0.341404
18.000000 0.676979 0.321794
128.000000 0.731461 0.255110
132.000000 0.557833 0.259628
19.000000 0.614351 0.302501
1.000000 0.527785 0.323822
66.000000 0.431166 0.758936
134.000000 0.493862 0.773046
67.000000 0.479107 0.836562
135.000000 0.829824 0.085555
136.000000 0.899222 0.052709
137.000000 0.892241 0.115343
138.000000 0.998581 0.161265
139.000000 0.984369 0.127013
140.000000 0.985014 0.074705
141.000000 0.772950 0.131557
142.000000 0.786661 0.062977
129.000000 0.825081 0.190546
143.000000 0.504062 0.115091
144.000000 0.515921 0.061007
145.000000 0.560425 0.123942
8.000000 0.938168 0.199347
146.000000 0.971097 0.138228
138.000000 0.998581 0.161265
147.000000 0.895409 0.164519
135.000000 0.829824 0.085555
137.000000 0.892241 0.115343
141.000000 0.772950 0.131557
148.000000 0.708291 0.146287
149.000000 0.753366 0.096810
150.000000 0.707222 0.072025
149.000000 0.753366 0.096810
148.000000 0.708291 0.146287
151.000000 0.698106 0.161603
150.000000 0.707222 0.072025
148.000000 0.708291 0.146287
145.000000 0.560425 0.123942
152.000000 0.564478 0.057615
153.000000 0.649874 0.099374
141.000000 0.772950 0.131557
151.000000 0.698106 0.161603
148.000000 0.708291 0.146287
106.000000 0.243881 0.494767
105.000000 0.154041 0.556527
123.000000 0.208319 0.479634
154.000000 0.360119 0.489343
109.000000 0.409116 0.491252
25.000000 0.389809 0.544431
121.000000 0.304061 0.455137
154.000000 0.360119 0.489343
104.000000 0.275484 0.565725
25.000000 0.389809 0.544431
104.000000 0.275484 0.565725
154.000000 0.360119 0.489343
111.000000 0.077235 0.536579
122.000000 0.156875 0.515908
105.000000 0.154041 0.556527
155.000000 0.018914 0.498599
110.000000 0.031133 0.533953
39.000000 0.016763 0.551653
48.000000 0.434887 0.670726
156.000000 0.358478 0.670118
24.000000 0.387145 0.624467
157.000000 0.821284 0.971665
79.000000 0.759830 0.965432
75.000000 0.793520 0.881509
158.000000 0.672319 0.913957
73.000000 0.729160 0.874591
80.000000 0.732295 0.920396
82.000000 0.571247 0.860045
158.000000 0.672319 0.913957
159.000000 0.614592 0.929094
159.000000 0.614592 0.929094
83.000000 0.571858 0.929007
82.000000 0.571247 0.860045
82.000000 0.571247 0.860045
81.000000 0.517214 0.904296
67.000000 0.479107 0.836562
78.000000 0.894673 0.939275
160.000000 0.951003 0.975021
161.000000 0.911197 0.972263
162.000000 0.391967 0.951266
84.000000 0.469043 0.916531
163.000000 0.487360 0.967368
164.000000 0.316988 0.954380
165.000000 0.302034 0.912594
166.000000 0.352415 0.907791
164.000000 0.316988 0.954380
86.000000 0.222935 0.944912
165.000000 0.302034 0.912594
167.000000 0.043742 0.051228
168.000000 0.035012 0.008940
169.000000 0.069985 0.001055
170.000000 0.762536 0.387073
14.000000 0.733927 0.341029
12.000000 0.804273 0.367596
171.000000 0.859360 0.405610
172.000000 0.978148 0.387306
173.000000 0.918099 0.401533
1.000000 0.527785 0.323822
20.000000 0.605622 0.353482
2.000000 0.504670 0.407814
174.000000 0.384128 0.443349
28.000000 0.359619 0.387113
26.000000 0.423841 0.387358
73.000000 0.729160 0.874591
75.000000 0.793520 0.881509
79.000000 0.759830 0.965432
77.000000 0.868939 0.885696
76.000000 0.957673 0.903741
78.000000 0.894673 0.939275
83.000000 0.571858 0.929007
175.000000 0.641381 0.962216
163.000000 0.487360 0.967368
162.000000 0.391967 0.951266
164.000000 0.316988 0.954380
176.000000 0.374133 0.921293
167.000000 0.043742 0.051228
177.000000 0.100132 0.059172
178.000000 0.088073 0.108137
179.000000 0.029141 0.126276
167.000000 0.043742 0.051228
178.000000 0.088073 0.108137
13.000000 0.894391 0.324462
9.000000 0.974458 0.297324
172.000000 0.978148 0.387306
170.000000 0.762536 0.387073
180.000000 0.807973 0.496166
181.000000 0.732754 0.465049
182.000000 0.698512 0.404791
170.000000 0.762536 0.387073
181.000000 0.732754 0.465049
183.000000 0.251288 0.387824
174.000000 0.384128 0.443349
154.000000 0.360119 0.489343
154.000000 0.360119 0.489343
121.000000 0.304061 0.455137
183.000000 0.251288 0.387824
184.000000 0.221206 0.430462
183.000000 0.251288 0.387824
121.000000 0.304061 0.455137
181.000000 0.732754 0.465049
180.000000 0.807973 0.496166
185.000000 0.775907 0.557764
185.000000 0.775907 0.557764
186.000000 0.720510 0.511841
181.000000 0.732754 0.465049
66.000000 0.431166 0.758936
187.000000 0.494459 0.747142
134.000000 0.493862 0.773046
66.000000 0.431166 0.758936
69.000000 0.348622 0.758197
47.000000 0.429667 0.722857
54.000000 0.927891 0.788276
56.000000 0.953493 0.737778
188.000000 0.970457 0.783319
65.000000 0.396977 0.827676
70.000000 0.336103 0.829622
69.000000 0.348622 0.758197
89.000000 0.037102 0.881960
189.000000 0.027862 0.805172
90.000000 0.101031 0.845431
142.000000 0.786661 0.062977
135.000000 0.829824 0.085555
129.000000 0.825081 0.190546
151.000000 0.698106 0.161603
153.000000 0.649874 0.099374
150.000000 0.707222 0.072025
190.000000 0.633720 0.152744
153.000000 0.649874 0.099374
151.000000 0.698106 0.161603
8.000000 0.938168 0.199347
191.000000 0.919915 0.202741
147.000000 0.895409 0.164519
7.000000 0.898414 0.218709
147.000000 0.895409 0.164519
191.000000 0.919915 0.202741
192.000000 0.618343 0.179798
193.000000 0.574194 0.214496
190.000000 0.633720 0.152744
193.000000 0.574194 0.214496
192.000000 0.618343 0.179798
194.000000 0.610935 0.209459
195.000000 0.562900 0.166047
196.000000 0.467741 0.162085
143.000000 0.504062 0.115091
197.000000 0.879613 0.643892
198.000000 0.893033 0.567906
199.000000 0.967514 0.588624
200.000000 0.249606 0.686522
68.000000 0.316752 0.747545
201.000000 0.275258 0.750522
201.000000 0.275258 0.750522
202.000000 0.224040 0.707022
200.000000 0.249606 0.686522
203.000000 0.296073 0.657783
156.000000 0.358478 0.670118
69.000000 0.348622 0.758197
69.000000 0.348622 0.758197
68.000000 0.316752 0.747545
203.000000 0.296073 0.657783
204.000000 0.172340 0.326821
205.000000 0.128870 0.304011
97.000000 0.143661 0.247301
172.000000 0.978148 0.387306
206.000000 0.974980 0.453711
173.000000 0.918099 0.401533
99.000000 0.933799 0.476240
102.000000 0.854139 0.451310
173.000000 0.918099 0.401533
171.000000 0.859360 0.405610
173.000000 0.918099 0.401533
102.000000 0.854139 0.451310
12.000000 0.804273 0.367596
171.000000 0.859360 0.405610
102.000000 0.854139 0.451310
102.000000 0.854139 0.451310
180.000000 0.807973 0.496166
12.000000 0.804273 0.367596
207.000000 0.116309 0.581826
33.000000 0.170469 0.599260
36.000000 0.052375 0.603825
22.000000 0.524664 0.611933
208.000000 0.437639 0.630403
23.000000 0.448927 0.593034
208.000000 0.437639 0.630403
24.000000 0.387145 0.624467
23.000000 0.448927 0.593034
209.000000 0.092298 0.674107
37.000000 0.054602 0.651012
210.000000 0.168541 0.638049
210.000000 0.168541 0.638049
200.000000 0.249606 0.686522
202.000000 0.224040 0.707022
47.000000 0.429667 0.722857
69.000000 0.348622 0.758197
156.000000 0.358478 0.670118
68.000000 0.316752 0.747545
200.000000 0.249606 0.686522
203.000000 0.296073 0.657783
211.000000 0.161107 0.728894
210.000000 0.168541 0.638049
202.000000 0.224040 0.707022
90.000000 0.101031 0.845431
212.000000 0.066585 0.763406
213.000000 0.126378 0.785540
189.000000 0.027862 0.805172
212.000000 0.066585 0.763406
90.000000 0.101031 0.845431
92.000000 0.007599 0.839923
214.000000 0.002683 0.774675
189.000000 0.027862 0.805172
88.000000 0.057130 0.947245
72.000000 0.242610 0.856677
85.000000 0.136172 0.935710
90.000000 0.101031 0.845431
72.000000 0.242610 0.856677
88.000000 0.057130 0.947245
92.000000 0.007599 0.839923
189.000000 0.027862 0.805172
89.000000 0.037102 0.881960
176.000000 0.374133 0.921293
164.000000 0.316988 0.954380
166.000000 0.352415 0.907791
86.000000 0.222935 0.944912
87.000000 0.104579 0.947225
85.000000 0.136172 0.935710
108.000000 0.523332 0.482556
215.000000 0.441060 0.440336
2.000000 0.504670 0.407814
215.000000 0.441060 0.440336
26.000000 0.423841 0.387358
2.000000 0.504670 0.407814
174.000000 0.384128 0.443349
26.000000 0.423841 0.387358
215.000000 0.441060 0.440336
183.000000 0.251288 0.387824
28.000000 0.359619 0.387113
174.000000 0.384128 0.443349
184.000000 0.221206 0.430462
31.000000 0.166132 0.437019
30.000000 0.145695 0.378840
31.000000 0.166132 0.437019
184.000000 0.221206 0.430462
123.000000 0.208319 0.479634
125.000000 0.132527 0.474245
31.000000 0.166132 0.437019
124.000000 0.167632 0.477187
125.000000 0.132527 0.474245
29.000000 0.119116 0.438858
31.000000 0.166132 0.437019
216.000000 0.020542 0.422773
29.000000 0.119116 0.438858
217.000000 0.049108 0.485388
198.000000 0.893033 0.567906
101.000000 0.936685 0.528964
199.000000 0.967514 0.588624
218.000000 0.677745 0.557954
186.000000 0.720510 0.511841
185.000000 0.775907 0.557764
219.000000 0.634535 0.576871
220.000000 0.609288 0.622503
221.000000 0.598906 0.505682
222.000000 0.802813 0.617914
185.000000 0.775907 0.557764
223.000000 0.838986 0.622555
162.000000 0.391967 0.951266
176.000000 0.374133 0.921293
224.000000 0.402032 0.887110
136.000000 0.899222 0.052709
225.000000 0.954594 0.038762
226.000000 0.928529 0.069577
227.000000 0.861967 0.026135
136.000000 0.899222 0.052709
135.000000 0.829824 0.085555
142.000000 0.786661 0.062977
228.000000 0.802933 0.030868
227.000000 0.861967 0.026135
145.000000 0.560425 0.123942
153.000000 0.649874 0.099374
190.000000 0.633720 0.152744
195.000000 0.562900 0.166047
143.000000 0.504062 0.115091
145.000000 0.560425 0.123942
131.000000 0.490278 0.228247
130.000000 0.466240 0.276655
229.000000 0.395261 0.221908
94.000000 0.334921 0.177659
230.000000 0.368438 0.275884
4.000000 0.269758 0.268041
86.000000 0.222935 0.944912
72.000000 0.242610 0.856677
165.000000 0.302034 0.912594
78.000000 0.894673 0.939275
157.000000 0.821284 0.971665
75.000000 0.793520 0.881509
120.000000 0.094395 0.269567
97.000000 0.143661 0.247301
205.000000 0.128870 0.304011
118.000000 0.024558 0.314044
120.000000 0.094395 0.269567
231.000000 0.083132 0.358273
3.000000 0.457681 0.317031
130.000000 0.466240 0.276655
1.000000 0.527785 0.323822
27.000000 0.412751 0.315651
130.000000 0.466240 0.276655
3.000000 0.457681 0.317031
230.000000 0.368438 0.275884
27.000000 0.412751 0.315651
5.000000 0.369750 0.321879
4.000000 0.269758 0.268041
230.000000 0.368438 0.275884
5.000000 0.369750 0.321879
232.000000 0.043881 0.396687
32.000000 0.089999 0.409763
29.000000 0.119116 0.438858
29.000000 0.119116 0.438858
216.000000 0.020542 0.422773
232.000000 0.043881 0.396687
219.000000 0.634535 0.576871
221.000000 0.598906 0.505682
218.000000 0.677745 0.557954
210.000000 0.168541 0.638049
33.000000 0.170469 0.599260
35.000000 0.233896 0.648934
37.000000 0.054602 0.651012
33.000000 0.170469 0.599260
210.000000 0.168541 0.638049
211.000000 0.161107 0.728894
233.000000 0.110234 0.715123
210.000000 0.168541 0.638049
209.000000 0.092298 0.674107
210.000000 0.168541 0.638049
233.000000 0.110234 0.715123
161.000000 0.911197 0.972263
157.000000 0.821284 0.971665
78.000000 0.894673 0.939275
146.000000 0.971097 0.138228
137.000000 0.892241 0.115343
226.000000 0.928529 0.069577
137.000000 0.892241 0.115343
136.000000 0.899222 0.052709
226.000000 0.928529 0.069577
4.000000 0.269758 0.268041
116.000000 0.216935 0.232781
93.000000 0.238931 0.151273
179.000000 0.029141 0.126276
98.000000 0.066150 0.183624
119.000000 0.037488 0.246348
125.000000 0.132527 0.474245
217.000000 0.049108 0.485388
29.000000 0.119116 0.438858
103.000000 0.847678 0.539626
101.000000 0.936685 0.528964
198.000000 0.893033 0.567906
103.000000 0.847678 0.539626
185.000000 0.775907 0.557764
180.000000 0.807973 0.496166
218.000000 0.677745 0.557954
234.000000 0.671431 0.475353
186.000000 0.720510 0.511841
218.000000 0.677745 0.557954
221.000000 0.598906 0.505682
234.000000 0.671431 0.475353
39.000000 0.016763 0.551653
207.000000 0.116309 0.581826
36.000000 0.052375 0.603825
235.000000 0.866843 0.753485
50.000000 0.850090 0.716502
55.000000 0.888911 0.749049
58.000000 0.724135 0.760733
42.000000 0.736178 0.732534
49.000000 0.763804 0.769728
51.000000 0.703916 0.727500
42.000000 0.736178 0.732534
58.000000 0.724135 0.760733
236.000000 0.647448 0.814065
237.000000 0.702166 0.838836
73.000000 0.729160 0.874591
73.000000 0.729160 0.874591
158.000000 0.672319 0.913957
236.000000 0.647448 0.814065
82.000000 0.571247 0.860045
67.000000 0.479107 0.836562
238.000000 0.543700 0.817232
239.000000 0.200054 0.006712
240.000000 0.308601 0.004216
126.000000 0.207929 0.057110
241.000000 0.165520 0.038978
242.000000 0.127618 0.005435
239.000000 0.200054 0.006712
243.000000 0.513151 0.013369
244.000000 0.615683 0.019694
152.000000 0.564478 0.057615
152.000000 0.564478 0.057615
144.000000 0.515921 0.061007
243.000000 0.513151 0.013369
150.000000 0.707222 0.072025
245.000000 0.734020 0.050229
149.000000 0.753366 0.096810
8.000000 0.938168 0.199347
138.000000 0.998581 0.161265
246.000000 0.998894 0.232167
247.000000 0.216475 0.339048
30.000000 0.145695 0.378840
204.000000 0.172340 0.326821
30.000000 0.145695 0.378840
248.000000 0.136234 0.336171
204.000000 0.172340 0.326821
232.000000 0.043881 0.396687
249.000000 0.029677 0.364098
231.000000 0.083132 0.358273
12.000000 0.804273 0.367596
11.000000 0.840387 0.364679
171.000000 0.859360 0.405610
182.000000 0.698512 0.404791
250.000000 0.620043 0.420175
133.000000 0.689404 0.341404
16.000000 0.637402 0.332413
133.000000 0.689404 0.341404
250.000000 0.620043 0.420175
54.000000 0.927891 0.788276
188.000000 0.970457 0.783319
62.000000 0.972226 0.845655
138.000000 0.998581 0.161265
146.000000 0.971097 0.138228
139.000000 0.984369 0.127013
114.000000 0.453053 0.131024
143.000000 0.504062 0.115091
196.000000 0.467741 0.162085
251.000000 0.435450 0.197512
112.000000 0.407732 0.174435
114.000000 0.453053 0.131024
252.000000 0.274715 0.130617
113.000000 0.393393 0.083118
94.000000 0.334921 0.177659
128.000000 0.731461 0.255110
17.000000 0.660994 0.289414
253.000000 0.671413 0.174112
193.000000 0.574194 0.214496
194.000000 0.610935 0.209459
17.000000 0.660994 0.289414
131.000000 0.490278 0.228247
193.000000 0.574194 0.214496
132.000000 0.557833 0.259628
254.000000 0.409798 0.195081
251.000000 0.435450 0.197512
229.000000 0.395261 0.221908
30.000000 0.145695 0.378840
32.000000 0.089999 0.409763
248.000000 0.136234 0.336171
32.000000 0.089999 0.409763
231.000000 0.083132 0.358273
248.000000 0.136234 0.336171
221.000000 0.598906 0.505682
250.000000 0.620043 0.420175
234.000000 0.671431 0.475353
215.000000 0.441060 0.440336
108.000000 0.523332 0.482556
21.000000 0.450773 0.514159
103.000000 0.847678 0.539626
198.000000 0.893033 0.567906
223.000000 0.838986 0.622555
185.000000 0.775907 0.557764
103.000000 0.847678 0.539626
223.000000 0.838986 0.622555
107.000000 0.533149 0.578692
221.000000 0.598906 0.505682
220.000000 0.609288 0.622503
209.000000 0.092298 0.674107
255.000000 0.007765 0.707121
37.000000 0.054602 0.651012
76.000000 0.957673 0.903741
160.000000 0.951003 0.975021
78.000000 0.894673 0.939275
256.000000 0.472424 0.082255
243.000000 0.513151 0.013369
144.000000 0.515921 0.061007
257.000000 0.419256 0.015196
243.000000 0.513151 0.013369
256.000000 0.472424 0.082255
240.000000 0.308601 0.004216
257.000000 0.419256 0.015196
113.000000 0.393393 0.083118
113.000000 0.393393 0.083118
258.000000 0.323349 0.065589
240.000000 0.308601 0.004216
241.000000 0.165520 0.038978
239.000000 0.200054 0.006712
126.000000 0.207929 0.057110
169.000000 0.069985 0.001055
242.000000 0.127618 0.005435
177.000000 0.100132 0.059172
259.000000 0.281034 0.054985
252.000000 0.274715 0.130617
115.000000 0.229790 0.105205
178.000000 0.088073 0.108137
241.000000 0.165520 0.038978
127.000000 0.153505 0.108070
177.000000 0.100132 0.059172
241.000000 0.165520 0.038978
178.000000 0.088073 0.108137
193.000000 0.574194 0.214496
145.000000 0.560425 0.123942
190.000000 0.633720 0.152744
193.000000 0.574194 0.214496
195.000000 0.562900 0.166047
145.000000 0.560425 0.123942
251.000000 0.435450 0.197512
254.000000 0.409798 0.195081
112.000000 0.407732 0.174435
96.000000 0.182295 0.194668
95.000000 0.144438 0.173625
115.000000 0.229790 0.105205
251.000000 0.435450 0.197512
196.000000 0.467741 0.162085
131.000000 0.490278 0.228247
229.000000 0.395261 0.221908
112.000000 0.407732 0.174435
254.000000 0.409798 0.195081
229.000000 0.395261 0.221908
94.000000 0.334921 0.177659
112.000000 0.407732 0.174435
230.000000 0.368438 0.275884
229.000000 0.395261 0.221908
27.000000 0.412751 0.315651
130.000000 0.466240 0.276655
132.000000 0.557833 0.259628
1.000000 0.527785 0.323822
10.000000 0.912163 0.285138
9.000000 0.974458 0.297324
13.000000 0.894391 0.324462
26.000000 0.423841 0.387358
28.000000 0.359619 0.387113
27.000000 0.412751 0.315651
247.000000 0.216475 0.339048
6.000000 0.304478 0.376452
183.000000 0.251288 0.387824
12.000000 0.804273 0.367596
180.000000 0.807973 0.496166
170.000000 0.762536 0.387073
20.000000 0.605622 0.353482
16.000000 0.637402 0.332413
250.000000 0.620043 0.420175
250.000000 0.620043 0.420175
108.000000 0.523332 0.482556
20.000000 0.605622 0.353482
2.000000 0.504670 0.407814
20.000000 0.605622 0.353482
108.000000 0.523332 0.482556
181.000000 0.732754 0.465049
234.000000 0.671431 0.475353
182.000000 0.698512 0.404791
250.000000 0.620043 0.420175
182.000000 0.698512 0.404791
234.000000 0.671431 0.475353
260.000000 0.566506 0.492422
221.000000 0.598906 0.505682
107.000000 0.533149 0.578692
217.000000 0.049108 0.485388
125.000000 0.132527 0.474245
122.000000 0.156875 0.515908
122.000000 0.156875 0.515908
111.000000 0.077235 0.536579
217.000000 0.049108 0.485388
111.000000 0.077235 0.536579
110.000000 0.031133 0.533953
217.000000 0.049108 0.485388
217.000000 0.049108 0.485388
110.000000 0.031133 0.533953
155.000000 0.018914 0.498599
208.000000 0.437639 0.630403
22.000000 0.524664 0.611933
43.000000 0.466407 0.662587
48.000000 0.434887 0.670726
24.000000 0.387145 0.624467
208.000000 0.437639 0.630403
261.000000 0.294806 0.602829
24.000000 0.387145 0.624467
156.000000 0.358478 0.670118
156.000000 0.358478 0.670118
203.000000 0.296073 0.657783
261.000000 0.294806 0.602829
34.000000 0.252356 0.614930
261.000000 0.294806 0.602829
203.000000 0.296073 0.657783
66.000000 0.431166 0.758936
46.000000 0.473764 0.712936
187.000000 0.494459 0.747142
66.000000 0.431166 0.758936
47.000000 0.429667 0.722857
46.000000 0.473764 0.712936
134.000000 0.493862 0.773046
238.000000 0.543700 0.817232
67.000000 0.479107 0.836562
69.000000 0.348622 0.758197
66.000000 0.431166 0.758936
65.000000 0.396977 0.827676
64.000000 0.857553 0.807161
63.000000 0.908809 0.831228
77.000000 0.868939 0.885696
158.000000 0.672319 0.913957
82.000000 0.571247 0.860045
61.000000 0.611911 0.780457
142.000000 0.786661 0.062977
227.000000 0.861967 0.026135
135.000000 0.829824 0.085555
142.000000 0.786661 0.062977
149.000000 0.753366 0.096810
245.000000 0.734020 0.050229
262.000000 0.661204 0.011894
245.000000 0.734020 0.050229
150.000000 0.707222 0.072025
150.000000 0.707222 0.072025
153.000000 0.649874 0.099374
262.000000 0.661204 0.011894
244.000000 0.615683 0.019694
262.000000 0.661204 0.011894
153.000000 0.649874 0.099374
152.000000 0.564478 0.057615
244.000000 0.615683 0.019694
153.000000 0.649874 0.099374
4.000000 0.269758 0.268041
247.000000 0.216475 0.339048
117.000000 0.225307 0.300971
97.000000 0.143661 0.247301
117.000000 0.225307 0.300971
247.000000 0.216475 0.339048
204.000000 0.172340 0.326821
97.000000 0.143661 0.247301
247.000000 0.216475 0.339048
204.000000 0.172340 0.326821
248.000000 0.136234 0.336171
205.000000 0.128870 0.304011
197.000000 0.879613 0.643892
56.000000 0.953493 0.737778
55.000000 0.888911 0.749049
55.000000 0.888911 0.749049
50.000000 0.850090 0.716502
197.000000 0.879613 0.643892
74.000000 0.791170 0.815112
64.000000 0.857553 0.807161
77.000000 0.868939 0.885696
75.000000 0.793520 0.881509
74.000000 0.791170 0.815112
77.000000 0.868939 0.885696
263.000000 0.730449 0.812853
74.000000 0.791170 0.815112
73.000000 0.729160 0.874591
73.000000 0.729160 0.874591
237.000000 0.702166 0.838836
263.000000 0.730449 0.812853
61.000000 0.611911 0.780457
236.000000 0.647448 0.814065
158.000000 0.672319 0.913957
82.000000 0.571247 0.860045
238.000000 0.543700 0.817232
61.000000 0.611911 0.780457
72.000000 0.242610 0.856677
90.000000 0.101031 0.845431
213.000000 0.126378 0.785540
68.000000 0.316752 0.747545
70.000000 0.336103 0.829622
264.000000 0.336150 0.877405
72.000000 0.242610 0.856677
68.000000 0.316752 0.747545
264.000000 0.336150 0.877405
224.000000 0.402032 0.887110
84.000000 0.469043 0.916531
162.000000 0.391967 0.951266
224.000000 0.402032 0.887110
176.000000 0.374133 0.921293
166.000000 0.352415 0.907791
166.000000 0.352415 0.907791
165.000000 0.302034 0.912594
264.000000 0.336150 0.877405
245.000000 0.734020 0.050229
228.000000 0.802933 0.030868
142.000000 0.786661 0.062977
262.000000 0.661204 0.011894
228.000000 0.802933 0.030868
245.000000 0.734020 0.050229
0.000000 0.469108 0.364232
2.000000 0.504670 0.407814
26.000000 0.423841 0.387358
28.000000 0.359619 0.387113
183.000000 0.251288 0.387824
6.000000 0.304478 0.376452
247.000000 0.216475 0.339048
183.000000 0.251288 0.387824
184.000000 0.221206 0.430462
30.000000 0.145695 0.378840
247.000000 0.216475 0.339048
184.000000 0.221206 0.430462
32.000000 0.089999 0.409763
232.000000 0.043881 0.396687
231.000000 0.083132 0.358273
232.000000 0.043881 0.396687
216.000000 0.020542 0.422773
249.000000 0.029677 0.364098
22.000000 0.524664 0.611933
107.000000 0.533149 0.578692
220.000000 0.609288 0.622503
197.000000 0.879613 0.643892
199.000000 0.967514 0.588624
265.000000 0.912485 0.638343
65.000000 0.396977 0.827676
264.000000 0.336150 0.877405
70.000000 0.336103 0.829622
94.000000 0.334921 0.177659
93.000000 0.238931 0.151273
266.000000 0.277160 0.159095
96.000000 0.182295 0.194668
93.000000 0.238931 0.151273
116.000000 0.216935 0.232781
119.000000 0.037488 0.246348
98.000000 0.066150 0.183624
120.000000 0.094395 0.269567
34.000000 0.252356 0.614930
33.000000 0.170469 0.599260
105.000000 0.154041 0.556527
207.000000 0.116309 0.581826
105.000000 0.154041 0.556527
33.000000 0.170469 0.599260
105.000000 0.154041 0.556527
207.000000 0.116309 0.581826
111.000000 0.077235 0.536579
207.000000 0.116309 0.581826
39.000000 0.016763 0.551653
111.000000 0.077235 0.536579
267.000000 0.706857 0.653654
219.000000 0.634535 0.576871
218.000000 0.677745 0.557954
268.000000 0.643590 0.653889
219.000000 0.634535 0.576871
267.000000 0.706857 0.653654
197.000000 0.879613 0.643892
265.000000 0.912485 0.638343
269.000000 0.967295 0.663601
51.000000 0.703916 0.727500
267.000000 0.706857 0.653654
40.000000 0.719535 0.712120
270.000000 0.661680 0.697713
267.000000 0.706857 0.653654
51.000000 0.703916 0.727500
270.000000 0.661680 0.697713
53.000000 0.612572 0.720565
271.000000 0.619011 0.664379
44.000000 0.564225 0.697572
271.000000 0.619011 0.664379
53.000000 0.612572 0.720565
235.000000 0.866843 0.753485
74.000000 0.791170 0.815112
49.000000 0.763804 0.769728
61.000000 0.611911 0.780457
60.000000 0.632818 0.739056
59.000000 0.663895 0.768974
134.000000 0.493862 0.773046
187.000000 0.494459 0.747142
45.000000 0.540543 0.734193
71.000000 0.253937 0.791420
202.000000 0.224040 0.707022
201.000000 0.275258 0.750522
272.000000 0.178926 0.758683
202.000000 0.224040 0.707022
71.000000 0.253937 0.791420
272.000000 0.178926 0.758683
213.000000 0.126378 0.785540
211.000000 0.161107 0.728894
213.000000 0.126378 0.785540
212.000000 0.066585 0.763406
233.000000 0.110234 0.715123
143.000000 0.504062 0.115091
256.000000 0.472424 0.082255
144.000000 0.515921 0.061007
143.000000 0.504062 0.115091
114.000000 0.453053 0.131024
256.000000 0.472424 0.082255
113.000000 0.393393 0.083118
256.000000 0.472424 0.082255
114.000000 0.453053 0.131024
113.000000 0.393393 0.083118
252.000000 0.274715 0.130617
258.000000 0.323349 0.065589
258.000000 0.323349 0.065589
252.000000 0.274715 0.130617
259.000000 0.281034 0.054985
93.000000 0.238931 0.151273
115.000000 0.229790 0.105205
252.000000 0.274715 0.130617
196.000000 0.467741 0.162085
251.000000 0.435450 0.197512
114.000000 0.453053 0.131024
184.000000 0.221206 0.430462
121.000000 0.304061 0.455137
106.000000 0.243881 0.494767
44.000000 0.564225 0.697572
220.000000 0.609288 0.622503
271.000000 0.619011 0.664379
22.000000 0.524664 0.611933
220.000000 0.609288 0.622503
44.000000 0.564225 0.697572
77.000000 0.868939 0.885696
63.000000 0.908809 0.831228
76.000000 0.957673 0.903741
63.000000 0.908809 0.831228
57.000000 0.898835 0.785996
54.000000 0.927891 0.788276
49.000000 0.763804 0.769728
74.000000 0.791170 0.815112
263.000000 0.730449 0.812853
263.000000 0.730449 0.812853
237.000000 0.702166 0.838836
59.000000 0.663895 0.768974
237.000000 0.702166 0.838836
236.000000 0.647448 0.814065
59.000000 0.663895 0.768974
236.000000 0.647448 0.814065
61.000000 0.611911 0.780457
59.000000 0.663895 0.768974
238.000000 0.543700 0.817232
52.000000 0.594472 0.738923
61.000000 0.611911 0.780457
238.000000 0.543700 0.817232
45.000000 0.540543 0.734193
52.000000 0.594472 0.738923
134.000000 0.493862 0.773046
45.000000 0.540543 0.734193
238.000000 0.543700 0.817232
227.000000 0.861967 0.026135
225.000000 0.954594 0.038762
136.000000 0.899222 0.052709
177.000000 0.100132 0.059172
167.000000 0.043742 0.051228
169.000000 0.069985 0.001055
240.000000 0.308601 0.004216
259.000000 0.281034 0.054985
115.000000 0.229790 0.105205
126.000000 0.207929 0.057110
240.000000 0.308601 0.004216
115.000000 0.229790 0.105205
146.000000 0.971097 0.138228
140.000000 0.985014 0.074705
139.000000 0.984369 0.127013
141.000000 0.772950 0.131557
149.000000 0.753366 0.096810
142.000000 0.786661 0.062977
144.000000 0.515921 0.061007
152.000000 0.564478 0.057615
145.000000 0.560425 0.123942
137.000000 0.892241 0.115343
146.000000 0.971097 0.138228
8.000000 0.938168 0.199347
137.000000 0.892241 0.115343
8.000000 0.938168 0.199347
147.000000 0.895409 0.164519
129.000000 0.825081 0.190546
135.000000 0.829824 0.085555
147.000000 0.895409 0.164519
190.000000 0.633720 0.152744
151.000000 0.698106 0.161603
253.000000 0.671413 0.174112
94.000000 0.334921 0.177659
266.000000 0.277160 0.159095
252.000000 0.274715 0.130617
93.000000 0.238931 0.151273
252.000000 0.274715 0.130617
266.000000 0.277160 0.159095
95.000000 0.144438 0.173625
98.000000 0.066150 0.183624
127.000000 0.153505 0.108070
178.000000 0.088073 0.108137
127.000000 0.153505 0.108070
98.000000 0.066150 0.183624
98.000000 0.066150 0.183624
179.000000 0.029141 0.126276
178.000000 0.088073 0.108137
7.000000 0.898414 0.218709
129.000000 0.825081 0.190546
147.000000 0.895409 0.164519
128.000000 0.731461 0.255110
141.000000 0.772950 0.131557
129.000000 0.825081 0.190546
151.000000 0.698106 0.161603
141.000000 0.772950 0.131557
128.000000 0.731461 0.255110
205.000000 0.128870 0.304011
231.000000 0.083132 0.358273
120.000000 0.094395 0.269567
99.000000 0.933799 0.476240
173.000000 0.918099 0.401533
206.000000 0.974980 0.453711
103.000000 0.847678 0.539626
180.000000 0.807973 0.496166
102.000000 0.854139 0.451310
234.000000 0.671431 0.475353
181.000000 0.732754 0.465049
186.000000 0.720510 0.511841
197.000000 0.879613 0.643892
50.000000 0.850090 0.716502
223.000000 0.838986 0.622555
273.000000 0.797980 0.666516
222.000000 0.802813 0.617914
223.000000 0.838986 0.622555
222.000000 0.802813 0.617914
273.000000 0.797980 0.666516
274.000000 0.758471 0.615476
267.000000 0.706857 0.653654
274.000000 0.758471 0.615476
41.000000 0.755241 0.683988
268.000000 0.643590 0.653889
220.000000 0.609288 0.622503
219.000000 0.634535 0.576871
268.000000 0.643590 0.653889
271.000000 0.619011 0.664379
220.000000 0.609288 0.622503
40.000000 0.719535 0.712120
267.000000 0.706857 0.653654
41.000000 0.755241 0.683988
268.000000 0.643590 0.653889
267.000000 0.706857 0.653654
270.000000 0.661680 0.697713
271.000000 0.619011 0.664379
268.000000 0.643590 0.653889
270.000000 0.661680 0.697713
224.000000 0.402032 0.887110
67.000000 0.479107 0.836562
84.000000 0.469043 0.916531
65.000000 0.396977 0.827676
67.000000 0.479107 0.836562
224.000000 0.402032 0.887110
224.000000 0.402032 0.887110
166.000000 0.352415 0.907791
65.000000 0.396977 0.827676
166.000000 0.352415 0.907791
264.000000 0.336150 0.877405
65.000000 0.396977 0.827676
72.000000 0.242610 0.856677
264.000000 0.336150 0.877405
165.000000 0.302034 0.912594
226.000000 0.928529 0.069577
225.000000 0.954594 0.038762
140.000000 0.985014 0.074705
146.000000 0.971097 0.138228
226.000000 0.928529 0.069577
140.000000 0.985014 0.074705
192.000000 0.618343 0.179798
190.000000 0.633720 0.152744
253.000000 0.671413 0.174112
253.000000 0.671413 0.174112
194.000000 0.610935 0.209459
192.000000 0.618343 0.179798
7.000000 0.898414 0.218709
191.000000 0.919915 0.202741
8.000000 0.938168 0.199347
253.000000 0.671413 0.174112
151.000000 0.698106 0.161603
128.000000 0.731461 0.255110
196.000000 0.467741 0.162085
195.000000 0.562900 0.166047
193.000000 0.574194 0.214496
193.000000 0.574194 0.214496
131.000000 0.490278 0.228247
196.000000 0.467741 0.162085
255.000000 0.007765 0.707121
38.000000 0.006612 0.645090
37.000000 0.054602 0.651012
235.000000 0.866843 0.753485
49.000000 0.763804 0.769728
50.000000 0.850090 0.716502
270.000000 0.661680 0.697713
51.000000 0.703916 0.727500
60.000000 0.632818 0.739056
53.000000 0.612572 0.720565
270.000000 0.661680 0.697713
60.000000 0.632818 0.739056
45.000000 0.540543 0.734193
187.000000 0.494459 0.747142
46.000000 0.473764 0.712936
127.000000 0.153505 0.108070
241.000000 0.165520 0.038978
126.000000 0.207929 0.057110
247.000000 0.216475 0.339048
4.000000 0.269758 0.268041
6.000000 0.304478 0.376452
248.000000 0.136234 0.336171
231.000000 0.083132 0.358273
205.000000 0.128870 0.304011
231.000000 0.083132 0.358273
249.000000 0.029677 0.364098
118.000000 0.024558 0.314044
124.000000 0.167632 0.477187
31.000000 0.166132 0.437019
123.000000 0.208319 0.479634
216.000000 0.020542 0.422773
217.000000 0.049108 0.485388
155.000000 0.018914 0.498599
50.000000 0.850090 0.716502
273.000000 0.797980 0.666516
223.000000 0.838986 0.622555
274.000000 0.758471 0.615476
273.000000 0.797980 0.666516
41.000000 0.755241 0.683988
44.000000 0.564225 0.697572
43.000000 0.466407 0.662587
22.000000 0.524664 0.611933
116.000000 0.216935 0.232781
97.000000 0.143661 0.247301
96.000000 0.182295 0.194668
229.000000 0.395261 0.221908
251.000000 0.435450 0.197512
131.000000 0.490278 0.228247
94.000000 0.334921 0.177659
229.000000 0.395261 0.221908
230.000000 0.368438 0.275884
15.000000 0.808746 0.273272
7.000000 0.898414 0.218709
10.000000 0.912163 0.285138
129.000000 0.825081 0.190546
7.000000 0.898414 0.218709
15.000000 0.808746 0.273272
194.000000 0.610935 0.209459
253.000000 0.671413 0.174112
17.000000 0.660994 0.289414
193.000000 0.574194 0.214496
17.000000 0.660994 0.289414
132.000000 0.557833 0.259628
14.000000 0.733927 0.341029
133.000000 0.689404 0.341404
15.000000 0.808746 0.273272
133.000000 0.689404 0.341404
16.000000 0.637402 0.332413
18.000000 0.676979 0.321794
1.000000 0.527785 0.323822
19.000000 0.614351 0.302501
20.000000 0.605622 0.353482
182.000000 0.698512 0.404791
14.000000 0.733927 0.341029
170.000000 0.762536 0.387073
133.000000 0.689404 0.341404
14.000000 0.733927 0.341029
182.000000 0.698512 0.404791
108.000000 0.523332 0.482556
260.000000 0.566506 0.492422
107.000000 0.533149 0.578692
101.000000 0.936685 0.528964
100.000000 0.978495 0.517534
199.000000 0.967514 0.588624
197.000000 0.879613 0.643892
223.000000 0.838986 0.622555
198.000000 0.893033 0.567906
274.000000 0.758471 0.615476
185.000000 0.775907 0.557764
222.000000 0.802813 0.617914
218.000000 0.677745 0.557954
185.000000 0.775907 0.557764
274.000000 0.758471 0.615476
267.000000 0.706857 0.653654
218.000000 0.677745 0.557954
274.000000 0.758471 0.615476
72.000000 0.242610 0.856677
213.000000 0.126378 0.785540
71.000000 0.253937 0.791420
213.000000 0.126378 0.785540
272.000000 0.178926 0.758683
71.000000 0.253937 0.791420
80.000000 0.732295 0.920396
79.000000 0.759830 0.965432
275.000000 0.702818 0.966403
158.000000 0.672319 0.913957
80.000000 0.732295 0.920396
275.000000 0.702818 0.966403
175.000000 0.641381 0.962216
158.000000 0.672319 0.913957
275.000000 0.702818 0.966403
175.000000 0.641381 0.962216
159.000000 0.614592 0.929094
158.000000 0.672319 0.913957
83.000000 0.571858 0.929007
159.000000 0.614592 0.929094
175.000000 0.641381 0.962216
83.000000 0.571858 0.929007
163.000000 0.487360 0.967368
81.000000 0.517214 0.904296
84.000000 0.469043 0.916531
81.000000 0.517214 0.904296
163.000000 0.487360 0.967368
246.000000 0.998894 0.232167
9.000000 0.974458 0.297324
8.000000 0.938168 0.199347
128.000000 0.731461 0.255110
15.000000 0.808746 0.273272
133.000000 0.689404 0.341404
17.000000 0.660994 0.289414
128.000000 0.731461 0.255110
18.000000 0.676979 0.321794
19.000000 0.614351 0.302501
132.000000 0.557833 0.259628
17.000000 0.660994 0.289414
130.000000 0.466240 0.276655
27.000000 0.412751 0.315651
229.000000 0.395261 0.221908
172.000000 0.978148 0.387306
171.000000 0.859360 0.405610
13.000000 0.894391 0.324462
171.000000 0.859360 0.405610
11.000000 0.840387 0.364679
13.000000 0.894391 0.324462
48.000000 0.434887 0.670726
208.000000 0.437639 0.630403
43.000000 0.466407 0.662587
35.000000 0.233896 0.648934
34.000000 0.252356 0.614930
203.000000 0.296073 0.657783
211.000000 0.161107 0.728894
202.000000 0.224040 0.707022
272.000000 0.178926 0.758683
233.000000 0.110234 0.715123
211.000000 0.161107 0.728894
213.000000 0.126378 0.785540
209.000000 0.092298 0.674107
233.000000 0.110234 0.715123
212.000000 0.066585 0.763406
255.000000 0.007765 0.707121
209.000000 0.092298 0.674107
212.000000 0.066585 0.763406
212.000000 0.066585 0.763406
214.000000 0.002683 0.774675
255.000000 0.007765 0.707121
88.000000 0.057130 0.947245
91.000000 0.001107 0.909194
89.000000 0.037102 0.881960
99.000000 0.933799 0.476240
206.000000 0.974980 0.453711
100.000000 0.978495 0.517534
260.000000 0.566506 0.492422
250.000000 0.620043 0.420175
221.000000 0.598906 0.505682
260.000000 0.566506 0.492422
108.000000 0.523332 0.482556
250.000000 0.620043 0.420175
21.000000 0.450773 0.514159
109.000000 0.409116 0.491252
215.000000 0.441060 0.440336
174.000000 0.384128 0.443349
215.000000 0.441060 0.440336
109.000000 0.409116 0.491252
154.000000 0.360119 0.489343
174.000000 0.384128 0.443349
109.000000 0.409116 0.491252
106.000000 0.243881 0.494767
123.000000 0.208319 0.479634
184.000000 0.221206 0.430462
104.000000 0.275484 0.565725
34.000000 0.252356 0.614930
105.000000 0.154041 0.556527
107.000000 0.533149 0.578692
22.000000 0.524664 0.611933
21.000000 0.450773 0.514159
23.000000 0.448927 0.593034
25.000000 0.389809 0.544431
21.000000 0.450773 0.514159
24.000000 0.387145 0.624467
104.000000 0.275484 0.565725
25.000000 0.389809 0.544431
200.000000 0.249606 0.686522
210.000000 0.168541 0.638049
35.000000 0.233896 0.648934
48.000000 0.434887 0.670726
43.000000 0.466407 0.662587
46.000000 0.473764 0.712936
156.000000 0.358478 0.670118
48.000000 0.434887 0.670726
47.000000 0.429667 0.722857
200.000000 0.249606 0.686522
35.000000 0.233896 0.648934
203.000000 0.296073 0.657783
241.000000 0.165520 0.038978
177.000000 0.100132 0.059172
242.000000 0.127618 0.005435
113.000000 0.393393 0.083118
257.000000 0.419256 0.015196
256.000000 0.472424 0.082255
258.000000 0.323349 0.065589
259.000000 0.281034 0.054985
240.000000 0.308601 0.004216
98.000000 0.066150 0.183624
97.000000 0.143661 0.247301
120.000000 0.094395 0.269567
104.000000 0.275484 0.565725
24.000000 0.387145 0.624467
261.000000 0.294806 0.602829
261.000000 0.294806 0.602829
34.000000 0.252356 0.614930
104.000000 0.275484 0.565725
269.000000 0.967295 0.663601
265.000000 0.912485 0.638343
199.000000 0.967514 0.588624
57.000000 0.898835 0.785996
235.000000 0.866843 0.753485
55.000000 0.888911 0.749049
64.000000 0.857553 0.807161
235.000000 0.866843 0.753485
57.000000 0.898835 0.785996
74.000000 0.791170 0.815112
235.000000 0.866843 0.753485
64.000000 0.857553 0.807161
49.000000 0.763804 0.769728
263.000000 0.730449 0.812853
58.000000 0.724135 0.760733
59.000000 0.663895 0.768974
58.000000 0.724135 0.760733
263.000000 0.730449 0.812853
68.000000 0.316752 0.747545
71.000000 0.253937 0.791420
201.000000 0.275258 0.750522
214.000000 0.002683 0.774675
212.000000 0.066585 0.763406
189.000000 0.027862 0.805172
50.000000 0.850090 0.716502
42.000000 0.736178 0.732534
273.000000 0.797980 0.666516
42.000000 0.736178 0.732534
41.000000 0.755241 0.683988
273.000000 0.797980 0.666516
197.000000 0.879613 0.643892
269.000000 0.967295 0.663601
56.000000 0.953493 0.737778
