0.000000 0.175028 0.017391
1.000000 0.189107 0.008619
2.000000 0.199007 0.015551
3.000000 0.171757 0.008646
4.000000 0.211070 0.008755
5.000000 0.213021 0.014305
6.000000 0.226039 0.005650
7.000000 0.228435 0.014156
8.000000 0.243352 0.008505
9.000000 0.239021 0.003804
10.000000 0.249037 0.002991
11.000000 0.248976 0.000208
12.000000 0.254737 0.010388
13.000000 0.267085 0.009932
14.000000 0.259202 0.003415
15.000000 0.275412 0.005539
16.000000 0.281099 0.013326
17.000000 0.292588 0.007103
18.000000 0.300687 0.015914
19.000000 0.311938 0.007388
20.000000 0.320763 0.013866
21.000000 0.333789 0.007035
22.000000 0.335629 0.013802
23.000000 0.354142 0.005500
24.000000 0.346911 0.010298
25.000000 0.372153 0.004415
26.000000 0.364140 0.013234
27.000000 0.389172 0.003242
28.000000 0.381800 0.008675
29.000000 0.402159 0.002292
30.000000 0.401246 0.011290
31.000000 0.416391 0.004067
32.000000 0.423906 0.011666
33.000000 0.438887 0.005150
34.000000 0.440098 0.012987
35.000000 0.459195 0.004913
36.000000 0.456297 0.010899
37.000000 0.191709 0.031437
38.000000 0.173248 0.030480
39.000000 0.214305 0.027286
40.000000 0.227195 0.025806
41.000000 0.237619 0.027530
42.000000 0.245885 0.018795
43.000000 0.248423 0.028788
44.000000 0.263425 0.026089
45.000000 0.286301 0.027401
46.000000 0.299093 0.027769
47.000000 0.312907 0.029261
48.000000 0.329403 0.023394
49.000000 0.346344 0.024182
50.000000 0.363906 0.029371
51.000000 0.382341 0.024183
52.000000 0.399726 0.028340
53.000000 0.415093 0.025683
54.000000 0.432626 0.025081
55.000000 0.449471 0.023754
56.000000 0.483903 0.027170
57.000000 0.467328 0.023595
58.000000 0.482341 0.014402
59.000000 0.666695 0.067244
60.000000 0.677053 0.053678
61.000000 0.682496 0.072530
62.000000 0.660185 0.056976
63.000000 0.698171 0.057934
64.000000 0.696761 0.072588
65.000000 0.708664 0.073366
66.000000 0.714667 0.061180
67.000000 0.715377 0.046600
68.000000 0.728831 0.060306
69.000000 0.730335 0.046176
70.000000 0.749861 0.066990
71.000000 0.741938 0.071446
72.000000 0.746801 0.052359
73.000000 0.758193 0.069828
74.000000 0.767223 0.055243
75.000000 0.767248 0.066927
76.000000 0.789473 0.067225
77.000000 0.777046 0.070286
78.000000 0.787549 0.050810
79.000000 0.806168 0.051406
80.000000 0.798151 0.062795
81.000000 0.810969 0.067283
82.000000 0.818958 0.055746
83.000000 0.814135 0.044559
84.000000 0.824100 0.043508
85.000000 0.720371 0.069541
86.000000 0.729012 0.075462
87.000000 0.767084 0.073116
88.000000 0.826759 0.070038
89.000000 0.837712 0.070194
90.000000 0.836264 0.056639
91.000000 0.857793 0.053081
92.000000 0.849264 0.069899
93.000000 0.875929 0.054653
94.000000 0.867432 0.069266
95.000000 0.890763 0.048583
96.000000 0.889883 0.068248
97.000000 0.903814 0.053010
98.000000 0.909587 0.064274
99.000000 0.920920 0.051511
100.000000 0.926705 0.068579
101.000000 0.937356 0.054544
102.000000 0.943551 0.064596
103.000000 0.954359 0.053112
104.000000 0.954377 0.068884
105.000000 0.967117 0.050845
106.000000 0.968162 0.066592
107.000000 0.972249 0.054718
108.000000 0.977878 0.073098
109.000000 0.913965 0.156546
110.000000 0.909490 0.138895
111.000000 0.924893 0.145602
112.000000 0.921458 0.137100
113.000000 0.901412 0.152710
114.000000 0.925286 0.156297
115.000000 0.927255 0.137224
116.000000 0.935820 0.155330
117.000000 0.937842 0.138822
118.000000 0.953401 0.132782
119.000000 0.956243 0.151633
120.000000 0.975879 0.145518
121.000000 0.968517 0.132322
122.000000 0.978069 0.134140
123.000000 0.971380 0.160127
124.000000 0.989401 0.150575
125.000000 0.984479 0.156511
126.000000 0.983719 0.137663
127.000000 0.859649 0.163148
128.000000 0.848738 0.158754
129.000000 0.861829 0.151775
130.000000 0.854229 0.170402
131.000000 0.843901 0.174713
132.000000 0.835538 0.161143
133.000000 0.878718 0.174177
134.000000 0.864385 0.172901
135.000000 0.871150 0.161841
136.000000 0.888338 0.160644
137.000000 0.888528 0.171015
138.000000 0.895848 0.169292
139.000000 0.901704 0.162377
140.000000 0.908145 0.172684
141.000000 0.924887 0.166776
142.000000 0.941609 0.171177
143.000000 0.960266 0.173068
144.000000 0.975761 0.172763
145.000000 0.989974 0.159253
146.000000 0.984280 0.173690
147.000000 0.667614 0.193199
148.000000 0.638117 0.193177
149.000000 0.658948 0.173438
150.000000 0.639647 0.173211
151.000000 0.646095 0.161711
152.000000 0.660120 0.155619
153.000000 0.633467 0.163680
154.000000 0.555570 0.296994
155.000000 0.536856 0.284301
156.000000 0.561019 0.276541
157.000000 0.551115 0.267474
158.000000 0.563495 0.265578
159.000000 0.536458 0.300138
160.000000 0.914987 0.313916
161.000000 0.926287 0.306777
162.000000 0.928644 0.322831
163.000000 0.909249 0.331676
164.000000 0.943667 0.307314
165.000000 0.948397 0.329827
166.000000 0.963247 0.312021
167.000000 0.968102 0.329146
168.000000 0.977576 0.317067
169.000000 0.978256 0.329056
170.000000 0.986262 0.304981
171.000000 0.982884 0.328890
172.000000 0.503529 0.352406
173.000000 0.495433 0.336297
174.000000 0.512931 0.344083
175.000000 0.511121 0.332124
176.000000 0.491528 0.357121
177.000000 0.522652 0.334139
178.000000 0.513559 0.357975
179.000000 0.530373 0.352628
180.000000 0.533120 0.334906
181.000000 0.548486 0.336147
182.000000 0.550522 0.354170
183.000000 0.567868 0.330995
184.000000 0.565752 0.346305
185.000000 0.584596 0.336080
186.000000 0.579291 0.354038
187.000000 0.604548 0.335271
188.000000 0.595265 0.351297
189.000000 0.611867 0.349496
190.000000 0.617812 0.337927
191.000000 0.622852 0.347092
192.000000 0.619106 0.352366
193.000000 0.633246 0.354211
194.000000 0.632899 0.336398
195.000000 0.623405 0.353227
196.000000 0.653385 0.331056
197.000000 0.651451 0.347558
198.000000 0.667151 0.354441
199.000000 0.667631 0.340237
200.000000 0.664727 0.333615
201.000000 0.669136 0.333700
202.000000 0.686817 0.348332
203.000000 0.675931 0.331186
204.000000 0.685662 0.332613
205.000000 0.699880 0.348778
206.000000 0.699838 0.341867
207.000000 0.694780 0.329997
208.000000 0.708390 0.331684
209.000000 0.710589 0.348568
210.000000 0.726469 0.345802
211.000000 0.720645 0.334188
212.000000 0.737800 0.329088
213.000000 0.741588 0.352080
214.000000 0.756219 0.338381
215.000000 0.758104 0.355266
216.000000 0.769477 0.327207
217.000000 0.775737 0.349395
218.000000 0.791747 0.329134
219.000000 0.795097 0.349791
220.000000 0.808021 0.330748
221.000000 0.811096 0.344024
222.000000 0.822481 0.328683
223.000000 0.831106 0.347645
224.000000 0.839525 0.333226
225.000000 0.848579 0.347159
226.000000 0.865343 0.345775
227.000000 0.858855 0.360612
228.000000 0.844114 0.362514
229.000000 0.879873 0.342918
230.000000 0.878621 0.362845
231.000000 0.894059 0.346418
232.000000 0.898321 0.361283
233.000000 0.909013 0.350185
234.000000 0.914550 0.365833
235.000000 0.928647 0.346202
236.000000 0.928946 0.362812
237.000000 0.945172 0.345543
238.000000 0.943681 0.360543
239.000000 0.958176 0.345206
240.000000 0.963933 0.362870
241.000000 0.975699 0.343884
242.000000 0.980778 0.365473
243.000000 0.984927 0.349800
244.000000 0.987775 0.363466
245.000000 0.896563 0.379175
246.000000 0.878834 0.380183
247.000000 0.913373 0.379781
248.000000 0.928830 0.376642
249.000000 0.951053 0.381215
250.000000 0.970380 0.379889
251.000000 0.982125 0.382467
252.000000 0.987144 0.375978
253.000000 0.534207 0.386714
254.000000 0.554509 0.385742
255.000000 0.546852 0.401228
256.000000 0.531955 0.408465
257.000000 0.574049 0.385162
258.000000 0.566142 0.403798
259.000000 0.591051 0.385351
260.000000 0.584844 0.397867
261.000000 0.595839 0.405521
262.000000 0.599872 0.393606
263.000000 0.599493 0.386158
264.000000 0.604866 0.387226
265.000000 0.608580 0.403555
266.000000 0.617834 0.401887
267.000000 0.616836 0.391387
268.000000 0.627105 0.403029
269.000000 0.634340 0.394778
270.000000 0.636783 0.404059
271.000000 0.631256 0.384807
272.000000 0.647826 0.401780
273.000000 0.643842 0.385642
274.000000 0.658873 0.388836
275.000000 0.664390 0.403090
276.000000 0.672323 0.393629
277.000000 0.671369 0.380413
278.000000 0.673900 0.402082
279.000000 0.681402 0.388003
280.000000 0.683460 0.399253
281.000000 0.691566 0.388900
282.000000 0.699288 0.399199
283.000000 0.712363 0.394078
284.000000 0.708215 0.403870
285.000000 0.704877 0.379740
286.000000 0.723976 0.394081
287.000000 0.716808 0.405123
288.000000 0.720675 0.383433
289.000000 0.731364 0.405433
290.000000 0.744304 0.403645
291.000000 0.738789 0.384819
292.000000 0.760066 0.379690
293.000000 0.757650 0.398794
294.000000 0.773247 0.377905
295.000000 0.774476 0.392942
296.000000 0.786928 0.381485
297.000000 0.793507 0.401414
298.000000 0.808731 0.381898
299.000000 0.811507 0.402639
300.000000 0.825230 0.381151
301.000000 0.828277 0.396396
302.000000 0.838671 0.380988
303.000000 0.849115 0.397681
304.000000 0.861235 0.380033
305.000000 0.862904 0.397595
306.000000 0.878950 0.396931
307.000000 0.458715 0.416767
308.000000 0.454114 0.403903
309.000000 0.461261 0.403459
310.000000 0.470932 0.402586
311.000000 0.423160 0.490739
312.000000 0.437987 0.486159
313.000000 0.435715 0.498597
314.000000 0.452995 0.484745
315.000000 0.446412 0.495741
316.000000 0.467131 0.484587
317.000000 0.462616 0.498817
318.000000 0.483197 0.490742
319.000000 0.475520 0.478182
320.000000 0.485219 0.477210
321.000000 0.498460 0.491353
322.000000 0.496246 0.480050
323.000000 0.490489 0.471397
324.000000 0.496550 0.471110
325.000000 0.505585 0.470431
326.000000 0.531333 0.481871
327.000000 0.523965 0.473444
328.000000 0.532440 0.473053
329.000000 0.540866 0.473234
330.000000 0.513746 0.486692
331.000000 0.515350 0.473222
332.000000 0.529589 0.494474
333.000000 0.544741 0.489656
334.000000 0.553681 0.475666
335.000000 0.565613 0.469633
336.000000 0.567544 0.490228
337.000000 0.585853 0.471954
338.000000 0.585579 0.489591
339.000000 0.601844 0.472584
340.000000 0.603427 0.488921
341.000000 0.614505 0.471905
342.000000 0.622875 0.485371
343.000000 0.631740 0.471957
344.000000 0.639339 0.490220
345.000000 0.649448 0.473691
346.000000 0.651318 0.486487
347.000000 0.663813 0.469182
348.000000 0.662509 0.486710
349.000000 0.671853 0.477677
350.000000 0.671951 0.486773
351.000000 0.681150 0.484800
352.000000 0.695132 0.470770
353.000000 0.695565 0.490132
354.000000 0.679163 0.468176
355.000000 0.708136 0.470908
356.000000 0.709032 0.480796
357.000000 0.723637 0.468206
358.000000 0.724477 0.486739
359.000000 0.746760 0.468209
360.000000 0.740676 0.482773
361.000000 0.765572 0.466877
362.000000 0.759370 0.482323
363.000000 0.777506 0.470115
364.000000 0.776065 0.479253
365.000000 0.045143 0.573091
366.000000 0.055000 0.555824
367.000000 0.060637 0.580020
368.000000 0.038711 0.548842
369.000000 0.082495 0.559273
370.000000 0.087571 0.582466
371.000000 0.110053 0.564439
372.000000 0.120236 0.582028
373.000000 0.143413 0.558333
374.000000 0.153841 0.580919
375.000000 0.171551 0.563877
376.000000 0.189586 0.578281
377.000000 0.218073 0.585855
378.000000 0.224417 0.562857
379.000000 0.193904 0.551281
380.000000 0.638983 0.588298
381.000000 0.652282 0.583658
382.000000 0.652314 0.591934
383.000000 0.641122 0.570515
384.000000 0.663846 0.581012
385.000000 0.661975 0.591628
386.000000 0.675081 0.567571
387.000000 0.675970 0.585554
388.000000 0.691203 0.579159
389.000000 0.688030 0.595095
390.000000 0.705836 0.570647
391.000000 0.706653 0.590860
392.000000 0.723897 0.573617
393.000000 0.724383 0.590977
394.000000 0.740871 0.567749
395.000000 0.744344 0.584752
396.000000 0.759462 0.567401
397.000000 0.767589 0.584720
398.000000 0.783358 0.573062
399.000000 0.783270 0.587357
400.000000 0.801564 0.574175
401.000000 0.797161 0.584885
402.000000 0.815256 0.569767
403.000000 0.813823 0.583068
404.000000 0.827706 0.565329
405.000000 0.832759 0.578763
406.000000 0.842641 0.565743
407.000000 0.851162 0.577625
408.000000 0.862188 0.564937
409.000000 0.866485 0.580418
410.000000 0.878470 0.570332
411.000000 0.883956 0.581716
412.000000 0.897959 0.571397
413.000000 0.898696 0.583886
414.000000 0.922297 0.569597
415.000000 0.915457 0.586211
416.000000 0.935911 0.568448
417.000000 0.937501 0.580689
418.000000 0.949461 0.566689
419.000000 0.955234 0.580055
420.000000 0.965039 0.571412
421.000000 0.969921 0.582634
422.000000 0.981632 0.567031
423.000000 0.985557 0.585442
424.000000 0.990696 0.575971
425.000000 0.992536 0.585463
426.000000 0.655826 0.602307
427.000000 0.640808 0.597122
428.000000 0.656290 0.597612
429.000000 0.672568 0.598294
430.000000 0.667713 0.602013
431.000000 0.682535 0.602531
432.000000 0.698279 0.599011
433.000000 0.714995 0.599026
434.000000 0.731212 0.595734
435.000000 0.743918 0.595437
436.000000 0.758520 0.592008
437.000000 0.775674 0.591826
438.000000 0.791682 0.591449
439.000000 0.808152 0.589931
440.000000 0.826770 0.588169
441.000000 0.850014 0.586037
442.000000 0.872181 0.587577
443.000000 0.889604 0.588561
444.000000 0.905476 0.588977
445.000000 0.917192 0.593210
446.000000 0.930873 0.590638
447.000000 0.953589 0.588070
448.000000 0.974331 0.590440
449.000000 0.985281 0.592292
450.000000 0.990606 0.590409
451.000000 0.662129 0.025892
452.000000 0.642943 0.022349
453.000000 0.665267 0.016815
454.000000 0.626401 0.015409
455.000000 0.624332 0.024026
456.000000 0.705592 0.015980
457.000000 0.689490 0.032605
458.000000 0.741218 0.012738
459.000000 0.728010 0.029578
460.000000 0.766558 0.008480
461.000000 0.767336 0.027018
462.000000 0.792741 0.011883
463.000000 0.811257 0.029441
464.000000 0.826908 0.009761
465.000000 0.842696 0.015074
466.000000 0.860900 0.006359
467.000000 0.871112 0.015968
468.000000 0.900903 0.006774
469.000000 0.899217 0.018487
470.000000 0.029638 0.067670
471.000000 0.049412 0.046296
472.000000 0.042248 0.078059
473.000000 0.030420 0.034159
474.000000 0.081145 0.047648
475.000000 0.070129 0.074478
476.000000 0.495693 0.092565
477.000000 0.508967 0.092204
478.000000 0.510434 0.107129
479.000000 0.489179 0.112165
480.000000 0.522989 0.094127
481.000000 0.525431 0.109031
482.000000 0.538827 0.088944
483.000000 0.542273 0.108219
484.000000 0.558533 0.089833
485.000000 0.558586 0.107025
486.000000 0.581846 0.090274
487.000000 0.571720 0.107400
488.000000 0.600600 0.091288
489.000000 0.590651 0.107799
490.000000 0.612987 0.090894
491.000000 0.613316 0.107836
492.000000 0.628431 0.087639
493.000000 0.636927 0.107301
494.000000 0.650702 0.091461
495.000000 0.655032 0.108013
496.000000 0.669099 0.110300
497.000000 0.665439 0.095804
498.000000 0.660800 0.088988
499.000000 0.683098 0.104832
500.000000 0.676660 0.088387
501.000000 0.667598 0.088243
502.000000 0.696385 0.088755
503.000000 0.698750 0.107815
504.000000 0.709783 0.103326
505.000000 0.713525 0.088365
506.000000 0.721041 0.099166
507.000000 0.725870 0.088097
508.000000 0.664312 0.088348
509.000000 0.721206 0.113014
510.000000 0.736228 0.102326
511.000000 0.736549 0.084789
512.000000 0.749475 0.084736
513.000000 0.756483 0.102394
514.000000 0.766345 0.084921
515.000000 0.771746 0.101281
516.000000 0.786085 0.089918
517.000000 0.782651 0.108957
518.000000 0.804343 0.092489
519.000000 0.800390 0.108981
520.000000 0.818905 0.085587
521.000000 0.815991 0.101812
522.000000 0.839839 0.084123
523.000000 0.834595 0.105537
524.000000 0.859147 0.085111
525.000000 0.852497 0.099918
526.000000 0.875479 0.083570
527.000000 0.870833 0.100961
528.000000 0.891428 0.092550
529.000000 0.884871 0.107413
530.000000 0.899932 0.109503
531.000000 0.912949 0.097306
532.000000 0.908764 0.079793
533.000000 0.914015 0.109347
534.000000 0.696568 0.130273
535.000000 0.680853 0.123519
536.000000 0.693970 0.118436
537.000000 0.689209 0.144666
538.000000 0.668653 0.133622
539.000000 0.663984 0.120012
540.000000 0.874848 0.224222
541.000000 0.892067 0.209890
542.000000 0.896687 0.229075
543.000000 0.877739 0.209994
544.000000 0.909993 0.213078
545.000000 0.904893 0.207520
546.000000 0.909084 0.206693
547.000000 0.914523 0.228657
548.000000 0.912495 0.206727
549.000000 0.927673 0.219889
550.000000 0.924030 0.204960
551.000000 0.942943 0.213136
552.000000 0.943171 0.229265
553.000000 0.960896 0.206682
554.000000 0.956220 0.222308
555.000000 0.975545 0.201267
556.000000 0.972315 0.221988
557.000000 0.981223 0.211218
558.000000 0.982142 0.229718
559.000000 0.499946 0.231532
560.000000 0.512733 0.231660
561.000000 0.511077 0.248551
562.000000 0.489651 0.248478
563.000000 0.528491 0.232081
564.000000 0.526890 0.248801
565.000000 0.546952 0.233792
566.000000 0.542271 0.251657
567.000000 0.559421 0.229105
568.000000 0.556703 0.242584
569.000000 0.572229 0.225196
570.000000 0.570912 0.241930
571.000000 0.586400 0.232509
572.000000 0.582805 0.245916
573.000000 0.603077 0.232073
574.000000 0.598165 0.247858
575.000000 0.668137 0.246328
576.000000 0.686801 0.230546
577.000000 0.687877 0.248397
578.000000 0.664451 0.226183
579.000000 0.701080 0.228035
580.000000 0.704969 0.242920
581.000000 0.721948 0.249108
582.000000 0.720396 0.236034
583.000000 0.710876 0.227390
584.000000 0.719272 0.227215
585.000000 0.738484 0.242362
586.000000 0.728536 0.226582
587.000000 0.744907 0.224230
588.000000 0.752472 0.245399
589.000000 0.754086 0.234812
590.000000 0.753611 0.227071
591.000000 0.759078 0.228438
592.000000 0.762965 0.244245
593.000000 0.772367 0.242538
594.000000 0.772084 0.231456
595.000000 0.793791 0.233592
596.000000 0.782408 0.243347
597.000000 0.798140 0.246751
598.000000 0.808412 0.237488
599.000000 0.808254 0.244933
600.000000 0.810235 0.225775
601.000000 0.822944 0.232509
602.000000 0.817303 0.243293
603.000000 0.822130 0.224950
604.000000 0.829298 0.241239
605.000000 0.840426 0.232096
606.000000 0.831696 0.223685
607.000000 0.840130 0.222392
608.000000 0.839852 0.248379
609.000000 0.847092 0.222008
610.000000 0.852371 0.242392
611.000000 0.856788 0.229023
612.000000 0.867601 0.242797
613.000000 0.874463 0.238036
614.000000 0.874563 0.242369
615.000000 0.882614 0.242433
616.000000 0.895600 0.243097
617.000000 0.909978 0.244600
618.000000 0.007514 0.282731
619.000000 0.004169 0.275882
620.000000 0.009480 0.268862
621.000000 0.003858 0.260055
622.000000 0.007450 0.254135
623.000000 0.014665 0.280121
624.000000 0.016436 0.257168
625.000000 0.021861 0.271234
626.000000 0.029444 0.257730
627.000000 0.046700 0.254553
628.000000 0.037678 0.273697
629.000000 0.066119 0.256330
630.000000 0.056227 0.274484
631.000000 0.084685 0.256966
632.000000 0.077111 0.276072
633.000000 0.099828 0.258674
634.000000 0.093490 0.271014
635.000000 0.113276 0.251512
636.000000 0.112464 0.272822
637.000000 0.128552 0.260733
638.000000 0.127766 0.273396
639.000000 0.146217 0.255566
640.000000 0.139772 0.273083
641.000000 0.167625 0.251978
642.000000 0.158125 0.272874
643.000000 0.188858 0.254019
644.000000 0.180327 0.274320
645.000000 0.206385 0.253325
646.000000 0.200503 0.270223
647.000000 0.218210 0.252953
648.000000 0.217069 0.265316
649.000000 0.232827 0.253399
650.000000 0.230613 0.272550
651.000000 0.248182 0.253086
652.000000 0.248223 0.267725
653.000000 0.261585 0.252488
654.000000 0.268048 0.270229
655.000000 0.284690 0.251747
656.000000 0.286103 0.275244
657.000000 0.304669 0.247848
658.000000 0.303151 0.264575
659.000000 0.322195 0.253308
660.000000 0.317430 0.272042
661.000000 0.343248 0.250952
662.000000 0.335524 0.270826
663.000000 0.355321 0.250083
664.000000 0.354378 0.262327
665.000000 0.366976 0.249792
666.000000 0.371879 0.267348
667.000000 0.387344 0.248225
668.000000 0.393725 0.271482
669.000000 0.410198 0.253109
670.000000 0.411442 0.270457
671.000000 0.427580 0.253134
672.000000 0.422572 0.264262
673.000000 0.438540 0.247644
674.000000 0.440315 0.266068
675.000000 0.453213 0.248765
676.000000 0.462432 0.265341
677.000000 0.471237 0.247842
678.000000 0.479074 0.262666
679.000000 0.496586 0.268909
680.000000 0.875929 0.295312
681.000000 0.890391 0.278952
682.000000 0.891912 0.298733
683.000000 0.869210 0.277267
684.000000 0.909817 0.271875
685.000000 0.911357 0.294643
686.000000 0.924531 0.280093
687.000000 0.932506 0.293605
688.000000 0.943858 0.276316
689.000000 0.944942 0.293069
690.000000 0.960684 0.269341
691.000000 0.960999 0.288470
692.000000 0.975550 0.275787
693.000000 0.977959 0.296491
694.000000 0.984288 0.275125
695.000000 0.984345 0.286188
696.000000 0.006724 0.397488
697.000000 0.014096 0.385832
698.000000 0.012130 0.401895
699.000000 0.007885 0.376571
700.000000 0.028088 0.379307
701.000000 0.023334 0.396817
702.000000 0.042458 0.374674
703.000000 0.041972 0.393382
704.000000 0.057605 0.378181
705.000000 0.064105 0.397921
706.000000 0.077683 0.379944
707.000000 0.079109 0.395201
708.000000 0.094306 0.373450
709.000000 0.094589 0.392233
710.000000 0.111391 0.374237
711.000000 0.118021 0.396971
712.000000 0.131386 0.377304
713.000000 0.138834 0.394306
714.000000 0.151713 0.379420
715.000000 0.150644 0.393327
716.000000 0.169354 0.379625
717.000000 0.162537 0.394037
718.000000 0.181138 0.373258
719.000000 0.184498 0.393843
720.000000 0.197015 0.376150
721.000000 0.206705 0.392301
722.000000 0.217191 0.377446
723.000000 0.219297 0.392100
724.000000 0.238757 0.370485
725.000000 0.234063 0.393361
726.000000 0.256557 0.369716
727.000000 0.254468 0.385398
728.000000 0.270442 0.374016
729.000000 0.273982 0.392869
730.000000 0.284784 0.377783
731.000000 0.290541 0.388746
732.000000 0.301956 0.376715
733.000000 0.301369 0.393887
734.000000 0.322375 0.373190
735.000000 0.315839 0.391330
736.000000 0.342240 0.369718
737.000000 0.333786 0.389648
738.000000 0.362330 0.371248
739.000000 0.352529 0.388674
740.000000 0.375347 0.371364
741.000000 0.373302 0.386813
742.000000 0.390123 0.369915
743.000000 0.394818 0.391610
744.000000 0.407031 0.375538
745.000000 0.413569 0.389167
746.000000 0.426868 0.372109
747.000000 0.427226 0.389958
748.000000 0.441739 0.371713
749.000000 0.441610 0.384619
750.000000 0.453276 0.372173
751.000000 0.458977 0.390658
752.000000 0.469443 0.374366
753.000000 0.470570 0.387870
754.000000 0.492886 0.375447
755.000000 0.486554 0.369521
756.000000 0.493776 0.367440
757.000000 0.479200 0.372072
758.000000 0.481978 0.384408
759.000000 0.499537 0.387563
760.000000 0.007638 0.411726
761.000000 0.011176 0.409600
762.000000 0.011705 0.413469
763.000000 0.003410 0.411679
764.000000 0.016613 0.409274
765.000000 0.029160 0.411180
766.000000 0.048419 0.414942
767.000000 0.063520 0.412841
768.000000 0.078591 0.410465
769.000000 0.101522 0.415019
770.000000 0.117046 0.413027
771.000000 0.132038 0.413504
772.000000 0.150410 0.406010
773.000000 0.168964 0.413263
774.000000 0.186960 0.414418
775.000000 0.202551 0.409823
776.000000 0.219430 0.404526
777.000000 0.234080 0.412352
778.000000 0.255174 0.409288
779.000000 0.274612 0.410496
780.000000 0.289155 0.403233
781.000000 0.307224 0.410151
782.000000 0.325270 0.405154
783.000000 0.342773 0.409028
784.000000 0.361138 0.403848
785.000000 0.378913 0.409415
786.000000 0.395965 0.408639
787.000000 0.406345 0.402070
788.000000 0.420515 0.404265
789.000000 0.434651 0.399637
790.000000 0.446620 0.397925
791.000000 0.430387 0.409486
792.000000 0.442134 0.411527
793.000000 0.487168 0.405496
794.000000 0.501784 0.406982
795.000000 0.396219 0.448284
796.000000 0.386722 0.438928
797.000000 0.397779 0.440092
798.000000 0.411366 0.438159
799.000000 0.410757 0.454230
800.000000 0.428123 0.450231
801.000000 0.431397 0.438081
802.000000 0.447844 0.446155
803.000000 0.444234 0.429169
804.000000 0.458916 0.434507
805.000000 0.465895 0.444788
806.000000 0.476855 0.427214
807.000000 0.481948 0.449010
808.000000 0.496730 0.436093
809.000000 0.498293 0.449971
810.000000 0.492350 0.462084
811.000000 0.505752 0.457676
812.000000 0.518080 0.462194
813.000000 0.513839 0.445130
814.000000 0.534031 0.436402
815.000000 0.529484 0.452525
816.000000 0.549478 0.437564
817.000000 0.549267 0.455645
818.000000 0.565115 0.437211
819.000000 0.572540 0.454849
820.000000 0.580924 0.442518
821.000000 0.587918 0.452860
822.000000 0.595319 0.439956
823.000000 0.603383 0.457395
824.000000 0.612701 0.439421
825.000000 0.622764 0.455404
826.000000 0.630499 0.438644
827.000000 0.640282 0.455267
828.000000 0.655502 0.455652
829.000000 0.648957 0.438377
830.000000 0.658829 0.443961
831.000000 0.656915 0.438511
832.000000 0.669721 0.453856
833.000000 0.663992 0.437229
834.000000 0.678230 0.439287
835.000000 0.695610 0.436930
836.000000 0.685643 0.454010
837.000000 0.699141 0.453865
838.000000 0.709233 0.442651
839.000000 0.705827 0.431927
840.000000 0.707065 0.453415
841.000000 0.726331 0.452632
842.000000 0.716922 0.452763
843.000000 0.723744 0.442206
844.000000 0.715998 0.430869
845.000000 0.724662 0.434408
846.000000 0.738591 0.448942
847.000000 0.733485 0.434462
848.000000 0.742574 0.437443
849.000000 0.007979 0.465854
850.000000 0.017778 0.466921
851.000000 0.016709 0.483891
852.000000 0.008733 0.487910
853.000000 0.028312 0.463326
854.000000 0.032958 0.480582
855.000000 0.045580 0.466394
856.000000 0.050139 0.484668
857.000000 0.062072 0.460115
858.000000 0.066267 0.479120
859.000000 0.080195 0.461491
860.000000 0.087364 0.481661
861.000000 0.101688 0.466463
862.000000 0.103255 0.484940
863.000000 0.121946 0.463649
864.000000 0.115544 0.478833
865.000000 0.135289 0.463396
866.000000 0.135312 0.480658
867.000000 0.151122 0.463317
868.000000 0.151161 0.479961
869.000000 0.170280 0.465170
870.000000 0.164256 0.479881
871.000000 0.183176 0.459024
872.000000 0.184198 0.477574
873.000000 0.203184 0.462541
874.000000 0.201158 0.482697
875.000000 0.222945 0.466103
876.000000 0.216235 0.480409
877.000000 0.239887 0.460560
878.000000 0.234040 0.479552
879.000000 0.257737 0.463289
880.000000 0.253616 0.479924
881.000000 0.269253 0.456994
882.000000 0.271335 0.473108
883.000000 0.287247 0.461456
884.000000 0.288133 0.483050
885.000000 0.304202 0.456603
886.000000 0.307510 0.475418
887.000000 0.319506 0.459441
888.000000 0.329071 0.476090
889.000000 0.336700 0.458480
890.000000 0.345264 0.472373
891.000000 0.355738 0.455317
892.000000 0.360910 0.474938
893.000000 0.377496 0.457138
894.000000 0.380595 0.478232
895.000000 0.395166 0.462631
896.000000 0.399566 0.476107
897.000000 0.408983 0.465788
898.000000 0.415398 0.476515
899.000000 0.425428 0.464468
900.000000 0.429067 0.477479
901.000000 0.441936 0.458780
902.000000 0.444519 0.472005
903.000000 0.463160 0.459405
904.000000 0.463508 0.473999
905.000000 0.478901 0.468282
906.000000 0.479557 0.459434
907.000000 0.014413 0.510859
908.000000 0.013875 0.500165
909.000000 0.021429 0.512225
910.000000 0.008424 0.500557
911.000000 0.029560 0.501215
912.000000 0.033332 0.517853
913.000000 0.045038 0.496206
914.000000 0.051349 0.513049
915.000000 0.060485 0.497705
916.000000 0.070388 0.510673
917.000000 0.077615 0.497311
918.000000 0.084414 0.511036
919.000000 0.095313 0.498605
920.000000 0.101298 0.515364
921.000000 0.117314 0.499072
922.000000 0.117213 0.516615
923.000000 0.137739 0.500965
924.000000 0.132235 0.516126
925.000000 0.154254 0.495270
926.000000 0.149284 0.512025
927.000000 0.174859 0.496587
928.000000 0.166864 0.513915
929.000000 0.192921 0.496519
930.000000 0.186777 0.513467
931.000000 0.209691 0.497055
932.000000 0.202067 0.510631
933.000000 0.227043 0.496662
934.000000 0.219111 0.515716
935.000000 0.244532 0.495055
936.000000 0.239225 0.512220
937.000000 0.256174 0.494081
938.000000 0.256469 0.506464
939.000000 0.269849 0.493142
940.000000 0.274428 0.514848
941.000000 0.286563 0.499864
942.000000 0.295240 0.513973
943.000000 0.302381 0.496141
944.000000 0.313020 0.511994
945.000000 0.320952 0.494360
946.000000 0.330528 0.511505
947.000000 0.344589 0.494106
948.000000 0.341471 0.509557
949.000000 0.350936 0.511786
950.000000 0.360763 0.503738
951.000000 0.364334 0.490173
952.000000 0.377698 0.509718
953.000000 0.370133 0.513770
954.000000 0.378208 0.499631
955.000000 0.386707 0.512839
956.000000 0.397607 0.502396
957.000000 0.392128 0.488671
958.000000 0.406620 0.488843
959.000000 0.412778 0.501004
960.000000 0.359710 0.514382
961.000000 0.676970 0.508469
962.000000 0.674708 0.502991
963.000000 0.683312 0.500665
964.000000 0.687412 0.511217
965.000000 0.674027 0.516314
966.000000 0.685468 0.522906
967.000000 0.697578 0.504789
968.000000 0.703513 0.518094
969.000000 0.707411 0.507210
970.000000 0.718797 0.508642
971.000000 0.727578 0.523311
972.000000 0.738576 0.507186
973.000000 0.749594 0.521860
974.000000 0.759520 0.509312
975.000000 0.767117 0.521437
976.000000 0.776046 0.513236
977.000000 0.777420 0.521356
978.000000 0.791450 0.508044
979.000000 0.786562 0.522232
980.000000 0.802887 0.519544
981.000000 0.810483 0.515409
982.000000 0.810322 0.518352
983.000000 0.811845 0.501397
984.000000 0.816977 0.517363
985.000000 0.827948 0.519911
986.000000 0.830105 0.510341
987.000000 0.848977 0.504967
988.000000 0.844276 0.523595
989.000000 0.867111 0.506542
990.000000 0.861255 0.517998
991.000000 0.881304 0.497857
992.000000 0.882227 0.520372
993.000000 0.898854 0.507694
994.000000 0.902287 0.522312
995.000000 0.915497 0.502300
996.000000 0.912978 0.515805
997.000000 0.930696 0.499126
998.000000 0.930107 0.515101
999.000000 0.948219 0.503565
1000.000000 0.947330 0.521514
1001.000000 0.966591 0.497390
1002.000000 0.966645 0.518872
1003.000000 0.978611 0.504170
1004.000000 0.984299 0.518067
1005.000000 0.993526 0.499318
1006.000000 0.991977 0.518633
1007.000000 0.999418 0.499648
1008.000000 0.998319 0.515732
1009.000000 0.213320 0.544129
1010.000000 0.202422 0.528809
1011.000000 0.180023 0.531254
1012.000000 0.170380 0.546985
1013.000000 0.219082 0.532831
1014.000000 0.226633 0.543426
1015.000000 0.233624 0.529874
1016.000000 0.243643 0.545173
1017.000000 0.254010 0.526777
1018.000000 0.261260 0.542918
1019.000000 0.270757 0.532461
1020.000000 0.277990 0.545341
1021.000000 0.286498 0.530378
1022.000000 0.293699 0.542863
1023.000000 0.306751 0.532314
1024.000000 0.302400 0.546340
1025.000000 0.314175 0.550432
1026.000000 0.326694 0.538256
1027.000000 0.321726 0.523988
1028.000000 0.331997 0.525301
1029.000000 0.327783 0.553021
1030.000000 0.343547 0.550076
1031.000000 0.340334 0.532599
1032.000000 0.358427 0.529851
1033.000000 0.361337 0.550735
1034.000000 0.380660 0.527192
1035.000000 0.377461 0.549650
1036.000000 0.400008 0.525561
1037.000000 0.397506 0.543720
1038.000000 0.495615 0.527867
1039.000000 0.516286 0.525945
1040.000000 0.509360 0.543060
1041.000000 0.494087 0.540720
1042.000000 0.537890 0.522849
1043.000000 0.530983 0.546192
1044.000000 0.558729 0.524938
1045.000000 0.551321 0.542127
1046.000000 0.576666 0.525785
1047.000000 0.567341 0.539299
1048.000000 0.581597 0.543431
1049.000000 0.589843 0.531544
1050.000000 0.587600 0.521797
1051.000000 0.593188 0.541051
1052.000000 0.598500 0.521772
1053.000000 0.602638 0.535172
1054.000000 0.600952 0.547218
1055.000000 0.628332 0.539569
1056.000000 0.614649 0.545367
1057.000000 0.618293 0.525293
1058.000000 0.641876 0.543144
1059.000000 0.638586 0.528548
1060.000000 0.632833 0.517992
1061.000000 0.641757 0.519611
1062.000000 0.652694 0.533655
1063.000000 0.657673 0.545372
1064.000000 0.654697 0.519143
1065.000000 0.670405 0.532041
1066.000000 0.670103 0.543448
1067.000000 0.524240 0.028180
1068.000000 0.503101 0.025438
1069.000000 0.521841 0.016629
1070.000000 0.554861 0.024081
1071.000000 0.540272 0.021231
1072.000000 0.556597 0.015711
1073.000000 0.588894 0.025182
1074.000000 0.572044 0.022655
1075.000000 0.590846 0.015832
1076.000000 0.607027 0.022821
1077.000000 0.110789 0.039843
1078.000000 0.107452 0.072393
1079.000000 0.150089 0.033480
1080.000000 0.137111 0.059004
1081.000000 0.175545 0.067648
1082.000000 0.159919 0.056745
1083.000000 0.176930 0.046909
1084.000000 0.926273 0.085857
1085.000000 0.929190 0.097146
1086.000000 0.926269 0.107002
1087.000000 0.942103 0.090894
1088.000000 0.941821 0.077443
1089.000000 0.941481 0.103349
1090.000000 0.957306 0.081787
1091.000000 0.956940 0.096809
1092.000000 0.954101 0.109200
1093.000000 0.976971 0.104145
1094.000000 0.967972 0.107939
1095.000000 0.973267 0.089264
1096.000000 0.981399 0.087082
1097.000000 0.981162 0.103154
1098.000000 0.922671 0.116283
1099.000000 0.911459 0.118759
1100.000000 0.940125 0.119484
1101.000000 0.959890 0.120244
1102.000000 0.977763 0.119667
1103.000000 0.969392 0.119968
1104.000000 0.983682 0.119733
1105.000000 0.493294 0.129970
1106.000000 0.505428 0.123862
1107.000000 0.508250 0.143608
1108.000000 0.489522 0.141681
1109.000000 0.525927 0.126116
1110.000000 0.527967 0.146698
1111.000000 0.546114 0.127946
1112.000000 0.540828 0.141020
1113.000000 0.560033 0.120378
1114.000000 0.560614 0.142467
1115.000000 0.579309 0.126961
1116.000000 0.577955 0.142858
1117.000000 0.598137 0.123241
1118.000000 0.595082 0.144108
1119.000000 0.612686 0.131121
1120.000000 0.613519 0.146768
1121.000000 0.629723 0.125180
1122.000000 0.626312 0.141809
1123.000000 0.649735 0.124960
1124.000000 0.641147 0.139437
1125.000000 0.656632 0.141764
1126.000000 0.708810 0.122419
1127.000000 0.706547 0.139509
1128.000000 0.670989 0.147031
1129.000000 0.720877 0.124826
1130.000000 0.722411 0.139002
1131.000000 0.733859 0.124887
1132.000000 0.739567 0.142403
1133.000000 0.748686 0.117355
1134.000000 0.752326 0.133399
1135.000000 0.766898 0.118987
1136.000000 0.770524 0.139134
1137.000000 0.787210 0.126705
1138.000000 0.784749 0.143868
1139.000000 0.806815 0.127634
1140.000000 0.797832 0.141770
1141.000000 0.813277 0.143497
1142.000000 0.821587 0.132370
1143.000000 0.819409 0.117274
1144.000000 0.822612 0.141144
1145.000000 0.838910 0.139201
1146.000000 0.830650 0.139777
1147.000000 0.836180 0.127991
1148.000000 0.857664 0.119852
1149.000000 0.849691 0.140681
1150.000000 0.866277 0.137727
1151.000000 0.875100 0.126784
1152.000000 0.875174 0.115220
1153.000000 0.878013 0.136731
1154.000000 0.887082 0.118900
1155.000000 0.886909 0.130346
1156.000000 0.885870 0.139408
1157.000000 0.900058 0.125161
1158.000000 0.910884 0.127251
1159.000000 0.895183 0.135558
1160.000000 0.487872 0.179938
1161.000000 0.507650 0.172229
1162.000000 0.506842 0.194191
1163.000000 0.487555 0.199456
1164.000000 0.525249 0.178184
1165.000000 0.529988 0.198812
1166.000000 0.541639 0.181876
1167.000000 0.548551 0.194550
1168.000000 0.561741 0.178099
1169.000000 0.564398 0.201680
1170.000000 0.583302 0.176899
1171.000000 0.576689 0.190812
1172.000000 0.600852 0.178109
1173.000000 0.590878 0.191174
1174.000000 0.603550 0.192162
1175.000000 0.614936 0.185703
1176.000000 0.611731 0.174630
1177.000000 0.623895 0.172788
1178.000000 0.613846 0.203698
1179.000000 0.682282 0.176923
1180.000000 0.689660 0.194102
1181.000000 0.702888 0.179388
1182.000000 0.703259 0.194277
1183.000000 0.717091 0.177104
1184.000000 0.718160 0.194025
1185.000000 0.732075 0.178126
1186.000000 0.736692 0.195719
1187.000000 0.751889 0.174583
1188.000000 0.748276 0.189654
1189.000000 0.770605 0.172852
1190.000000 0.766380 0.192307
1191.000000 0.785860 0.169361
1192.000000 0.786707 0.184612
1193.000000 0.803876 0.171557
1194.000000 0.806177 0.192132
1195.000000 0.818582 0.192064
1196.000000 0.820204 0.182821
1197.000000 0.819151 0.170152
1198.000000 0.826320 0.192113
1199.000000 0.830139 0.173055
1200.000000 0.834581 0.185628
1201.000000 0.004490 0.205022
1202.000000 0.012026 0.203369
1203.000000 0.011554 0.222446
1204.000000 0.003178 0.222894
1205.000000 0.028777 0.221378
1206.000000 0.021577 0.207961
1207.000000 0.027080 0.210292
1208.000000 0.026492 0.206458
1209.000000 0.043489 0.217329
1210.000000 0.032813 0.205945
1211.000000 0.046039 0.206511
1212.000000 0.052660 0.224798
1213.000000 0.056346 0.214459
1214.000000 0.054403 0.201477
1215.000000 0.059585 0.224434
1216.000000 0.066372 0.204944
1217.000000 0.069687 0.221459
1218.000000 0.079555 0.208969
1219.000000 0.094766 0.200987
1220.000000 0.088636 0.222037
1221.000000 0.113856 0.199497
1222.000000 0.112046 0.220909
1223.000000 0.131113 0.206122
1224.000000 0.128473 0.221505
1225.000000 0.148403 0.207904
1226.000000 0.141223 0.221573
1227.000000 0.162714 0.204469
1228.000000 0.157700 0.220398
1229.000000 0.179425 0.202661
1230.000000 0.173640 0.219321
1231.000000 0.198514 0.199788
1232.000000 0.190836 0.219092
1233.000000 0.216773 0.204864
1234.000000 0.209609 0.219814
1235.000000 0.228756 0.198862
1236.000000 0.232430 0.219758
1237.000000 0.249320 0.199879
1238.000000 0.253560 0.220832
1239.000000 0.265855 0.199282
1240.000000 0.267519 0.212297
1241.000000 0.278757 0.199903
1242.000000 0.286463 0.218912
1243.000000 0.298627 0.198627
1244.000000 0.306512 0.217848
1245.000000 0.316079 0.203891
1246.000000 0.324022 0.217492
1247.000000 0.333420 0.201627
1248.000000 0.336042 0.216344
1249.000000 0.350263 0.195706
1250.000000 0.350071 0.214565
1251.000000 0.368516 0.200933
1252.000000 0.368214 0.220120
1253.000000 0.387807 0.193659
1254.000000 0.388213 0.216032
1255.000000 0.404555 0.202234
1256.000000 0.404712 0.215422
1257.000000 0.418619 0.194699
1258.000000 0.420212 0.212942
1259.000000 0.436294 0.195285
1260.000000 0.443634 0.217034
1261.000000 0.453538 0.200033
1262.000000 0.461310 0.211031
1263.000000 0.470479 0.194711
1264.000000 0.476137 0.213427
1265.000000 0.494099 0.214269
1266.000000 0.597920 0.201962
1267.000000 0.510967 0.264099
1268.000000 0.524280 0.263953
1269.000000 0.537465 0.268800
1270.000000 0.561031 0.255400
1271.000000 0.576633 0.260538
1272.000000 0.593605 0.267388
1273.000000 0.682255 0.260108
1274.000000 0.671317 0.265599
1275.000000 0.697270 0.261865
1276.000000 0.714428 0.261749
1277.000000 0.732134 0.261944
1278.000000 0.756198 0.260693
1279.000000 0.775227 0.261558
1280.000000 0.772536 0.251179
1281.000000 0.785848 0.254844
1282.000000 0.786564 0.266902
1283.000000 0.798622 0.260037
1284.000000 0.809888 0.252245
1285.000000 0.813000 0.265207
1286.000000 0.824131 0.253599
1287.000000 0.824297 0.263312
1288.000000 0.835484 0.262763
1289.000000 0.855550 0.260842
1290.000000 0.875109 0.246501
1291.000000 0.876773 0.257953
1292.000000 0.896285 0.256991
1293.000000 0.910156 0.258986
1294.000000 0.507679 0.322593
1295.000000 0.495485 0.315445
1296.000000 0.511905 0.310249
1297.000000 0.500937 0.298465
1298.000000 0.511880 0.299934
1299.000000 0.523282 0.300549
1300.000000 0.516741 0.318333
1301.000000 0.532293 0.317239
1302.000000 0.561038 0.317042
1303.000000 0.582477 0.301230
1304.000000 0.579348 0.319964
1305.000000 0.602601 0.297048
1306.000000 0.600529 0.315711
1307.000000 0.615163 0.314050
1308.000000 0.618692 0.302526
1309.000000 0.621423 0.312961
1310.000000 0.618930 0.316268
1311.000000 0.633739 0.315069
1312.000000 0.633501 0.299501
1313.000000 0.622750 0.316747
1314.000000 0.650542 0.298427
1315.000000 0.654793 0.317018
1316.000000 0.667847 0.298594
1317.000000 0.669326 0.313343
1318.000000 0.684207 0.300517
1319.000000 0.684288 0.320395
1320.000000 0.694426 0.314970
1321.000000 0.704509 0.304964
1322.000000 0.698685 0.291213
1323.000000 0.704530 0.319440
1324.000000 0.709987 0.292697
1325.000000 0.721676 0.315663
1326.000000 0.717578 0.299825
1327.000000 0.734901 0.308481
1328.000000 0.729448 0.298966
1329.000000 0.740676 0.300009
1330.000000 0.735494 0.316236
1331.000000 0.754199 0.310511
1332.000000 0.744678 0.312065
1333.000000 0.752538 0.298944
1334.000000 0.764858 0.295530
1335.000000 0.764124 0.309824
1336.000000 0.777453 0.300596
1337.000000 0.777451 0.315550
1338.000000 0.793113 0.300689
1339.000000 0.787102 0.311536
1340.000000 0.798667 0.312741
1341.000000 0.807800 0.304641
1342.000000 0.806121 0.312053
1343.000000 0.803425 0.289911
1344.000000 0.810374 0.311917
1345.000000 0.819062 0.311775
1346.000000 0.824150 0.293421
1347.000000 0.841343 0.294699
1348.000000 0.840517 0.312241
1349.000000 0.856276 0.292758
1350.000000 0.863944 0.312047
1351.000000 0.882229 0.312745
1352.000000 0.899766 0.313265
1353.000000 0.015793 0.364527
1354.000000 0.005897 0.359603
1355.000000 0.033757 0.360998
1356.000000 0.050797 0.361217
1357.000000 0.067394 0.361808
1358.000000 0.084555 0.360392
1359.000000 0.101343 0.359494
1360.000000 0.112666 0.359725
1361.000000 0.123783 0.359689
1362.000000 0.142421 0.359618
1363.000000 0.166305 0.359001
1364.000000 0.188171 0.359550
1365.000000 0.204365 0.362167
1366.000000 0.220534 0.354776
1367.000000 0.237916 0.352513
1368.000000 0.252528 0.356161
1369.000000 0.266676 0.360055
1370.000000 0.285922 0.357494
1371.000000 0.310116 0.356185
1372.000000 0.329064 0.355686
1373.000000 0.341036 0.355338
1374.000000 0.354824 0.352421
1375.000000 0.376372 0.356203
1376.000000 0.393743 0.351824
1377.000000 0.410729 0.356006
1378.000000 0.429765 0.352477
1379.000000 0.443171 0.360255
1380.000000 0.461654 0.355144
1381.000000 0.478087 0.361866
1382.000000 0.478300 0.346085
1383.000000 0.895824 0.396229
1384.000000 0.912982 0.396234
1385.000000 0.936039 0.396320
1386.000000 0.951648 0.398777
1387.000000 0.962814 0.392560
1388.000000 0.975787 0.395567
1389.000000 0.986194 0.396274
1390.000000 0.502047 0.367406
1391.000000 0.000582 0.433958
1392.000000 0.004487 0.424241
1393.000000 0.003642 0.434560
1394.000000 0.008673 0.430443
1395.000000 0.014677 0.420668
1396.000000 0.015686 0.430829
1397.000000 0.030485 0.430528
1398.000000 0.047386 0.429768
1399.000000 0.062786 0.427521
1400.000000 0.084015 0.432466
1401.000000 0.101595 0.433746
1402.000000 0.118454 0.427894
1403.000000 0.133471 0.428802
1404.000000 0.150573 0.428356
1405.000000 0.167136 0.428771
1406.000000 0.179960 0.428747
1407.000000 0.197676 0.427564
1408.000000 0.219924 0.426806
1409.000000 0.242663 0.427400
1410.000000 0.258903 0.429125
1411.000000 0.269745 0.422756
1412.000000 0.287442 0.422876
1413.000000 0.305139 0.428943
1414.000000 0.325499 0.425769
1415.000000 0.342382 0.424789
1416.000000 0.358890 0.424563
1417.000000 0.377210 0.427524
1418.000000 0.392670 0.423291
1419.000000 0.404461 0.427895
1420.000000 0.408098 0.416529
1421.000000 0.412240 0.426417
1422.000000 0.425015 0.422088
1423.000000 0.514868 0.421763
1424.000000 0.494999 0.420279
1425.000000 0.532361 0.421928
1426.000000 0.549489 0.421010
1427.000000 0.571732 0.420544
1428.000000 0.583937 0.427481
1429.000000 0.581349 0.420399
1430.000000 0.584884 0.420258
1431.000000 0.601409 0.420221
1432.000000 0.588819 0.420240
1433.000000 0.620546 0.424905
1434.000000 0.636330 0.417733
1435.000000 0.658286 0.422052
1436.000000 0.656806 0.433920
1437.000000 0.672469 0.426066
1438.000000 0.685678 0.423456
1439.000000 0.704092 0.417533
1440.000000 0.721113 0.417978
1441.000000 0.725717 0.428060
1442.000000 0.745125 0.427208
1443.000000 0.733172 0.421181
1444.000000 0.741425 0.414384
1445.000000 0.760339 0.428563
1446.000000 0.750772 0.439507
1447.000000 0.753800 0.414777
1448.000000 0.763860 0.441967
1449.000000 0.773575 0.432869
1450.000000 0.774788 0.415217
1451.000000 0.791518 0.416922
1452.000000 0.792322 0.433027
1453.000000 0.804027 0.416693
1454.000000 0.811559 0.428861
1455.000000 0.821170 0.416049
1456.000000 0.828486 0.435425
1457.000000 0.840095 0.415688
1458.000000 0.850466 0.431962
1459.000000 0.862867 0.414926
1460.000000 0.864146 0.430985
1461.000000 0.878897 0.414105
1462.000000 0.879511 0.430267
1463.000000 0.894161 0.412235
1464.000000 0.900954 0.430541
1465.000000 0.911080 0.416937
1466.000000 0.919245 0.430535
1467.000000 0.532474 0.464775
1468.000000 0.671585 0.467396
1469.000000 0.707662 0.461748
1470.000000 0.341938 0.520105
1471.000000 0.378206 0.515280
1472.000000 0.398163 0.513562
1473.000000 0.501203 0.506281
1474.000000 0.522388 0.507183
1475.000000 0.536897 0.504779
1476.000000 0.552137 0.507406
1477.000000 0.567762 0.511169
1478.000000 0.586426 0.507309
1479.000000 0.606264 0.509492
1480.000000 0.624998 0.503727
1481.000000 0.640982 0.510377
1482.000000 0.637202 0.501800
1483.000000 0.644326 0.501145
1484.000000 0.651544 0.506829
1485.000000 0.665002 0.504799
1486.000000 0.429347 0.540629
1487.000000 0.410418 0.515330
1488.000000 0.426317 0.509622
1489.000000 0.472598 0.534426
1490.000000 0.447970 0.512850
1491.000000 0.465521 0.513927
1492.000000 0.479817 0.512160
1493.000000 0.494857 0.555015
1494.000000 0.517142 0.563039
1495.000000 0.536353 0.564127
1496.000000 0.547730 0.558144
1497.000000 0.567342 0.559361
1498.000000 0.584072 0.558272
1499.000000 0.591419 0.549321
1500.000000 0.595184 0.560350
1501.000000 0.607050 0.555862
1502.000000 0.629725 0.555741
1503.000000 0.615933 0.560038
1504.000000 0.646867 0.556207
1505.000000 0.656634 0.555548
1506.000000 0.667088 0.554589
1507.000000 0.678713 0.547544
1508.000000 0.677801 0.556543
1509.000000 0.677164 0.539470
1510.000000 0.692641 0.556719
1511.000000 0.688718 0.536514
1512.000000 0.711677 0.540413
1513.000000 0.712778 0.558787
1514.000000 0.727511 0.538644
1515.000000 0.729325 0.553434
1516.000000 0.742469 0.539395
1517.000000 0.746005 0.555935
1518.000000 0.761584 0.535313
1519.000000 0.757151 0.549813
1520.000000 0.777858 0.530232
1521.000000 0.776311 0.549821
1522.000000 0.796524 0.534364
1523.000000 0.800179 0.556990
1524.000000 0.815023 0.542914
1525.000000 0.817308 0.557225
1526.000000 0.833007 0.534543
1527.000000 0.830731 0.552399
1528.000000 0.848055 0.534158
1529.000000 0.849595 0.548442
1530.000000 0.864299 0.550304
1531.000000 0.878313 0.556789
1532.000000 0.894740 0.551348
1533.000000 0.911492 0.552441
1534.000000 0.934966 0.552023
1535.000000 0.951152 0.553169
1536.000000 0.965402 0.554690
1537.000000 0.981085 0.546383
1538.000000 0.992353 0.560739
1539.000000 0.990360 0.551471
1540.000000 0.994982 0.545541
1541.000000 0.539080 0.583332
1542.000000 0.502304 0.581278
1543.000000 0.527445 0.576699
1544.000000 0.512833 0.576508
1545.000000 0.500438 0.571743
1546.000000 0.572457 0.581620
1547.000000 0.552266 0.573423
1548.000000 0.570589 0.574430
1549.000000 0.611072 0.586597
1550.000000 0.587793 0.574008
1551.000000 0.606104 0.579401
1552.000000 0.620406 0.575637
1553.000000 0.077210 0.029825
1554.000000 0.120506 0.023511
1555.000000 0.152973 0.015620
1556.000000 0.664554 0.082017
1557.000000 0.719511 0.078622
1558.000000 0.750314 0.073697
1559.000000 0.787592 0.075929
1560.000000 0.799159 0.077276
1561.000000 0.493816 0.158401
1562.000000 0.508069 0.159369
1563.000000 0.520474 0.160574
1564.000000 0.542659 0.161188
1565.000000 0.560480 0.160052
1566.000000 0.576168 0.158286
1567.000000 0.592925 0.163767
1568.000000 0.608731 0.162236
1569.000000 0.623612 0.156610
1570.000000 0.636499 0.152430
1571.000000 0.648274 0.150372
1572.000000 0.713053 0.159502
1573.000000 0.693881 0.163604
1574.000000 0.735853 0.158111
1575.000000 0.756408 0.154465
1576.000000 0.776442 0.156489
1577.000000 0.791983 0.156511
1578.000000 0.804252 0.154554
1579.000000 0.815075 0.159074
1580.000000 0.825745 0.150555
1581.000000 0.838093 0.148516
1582.000000 0.877419 0.147842
1583.000000 0.892896 0.145843
1584.000000 0.676889 0.159943
1585.000000 0.513977 0.216348
1586.000000 0.529112 0.214764
1587.000000 0.546039 0.214670
1588.000000 0.562906 0.216507
1589.000000 0.572777 0.213168
1590.000000 0.582318 0.218492
1591.000000 0.599169 0.217715
1592.000000 0.678197 0.210992
1593.000000 0.656235 0.211156
1594.000000 0.702625 0.211620
1595.000000 0.718245 0.218660
1596.000000 0.717645 0.208533
1597.000000 0.730865 0.210607
1598.000000 0.759987 0.220972
1599.000000 0.750936 0.206481
1600.000000 0.767716 0.209100
1601.000000 0.775297 0.217528
1602.000000 0.785892 0.203823
1603.000000 0.792960 0.219268
1604.000000 0.806201 0.206551
1605.000000 0.810611 0.215492
1606.000000 0.822550 0.208454
1607.000000 0.822883 0.218366
1608.000000 0.839460 0.213787
1609.000000 0.857250 0.216378
1610.000000 0.855402 0.202389
1611.000000 0.868251 0.209846
1612.000000 0.631164 0.233164
1613.000000 0.635463 0.263954
1614.000000 0.614470 0.265843
1615.000000 0.653279 0.261234
1616.000000 0.926018 0.260113
1617.000000 0.948243 0.253685
1618.000000 0.966966 0.258176
1619.000000 0.977687 0.259441
1620.000000 0.982755 0.259437
1621.000000 0.530128 0.274670
1622.000000 0.517682 0.324607
1623.000000 0.617997 0.323092
1624.000000 0.665127 0.327032
1625.000000 0.754454 0.321206
1626.000000 0.808002 0.319612
1627.000000 0.855012 0.330034
1628.000000 0.872563 0.328945
1629.000000 0.889529 0.329287
1630.000000 0.516112 0.397654
1631.000000 0.584390 0.413572
1632.000000 0.618760 0.411579
1633.000000 0.675336 0.411811
1634.000000 0.689662 0.410176
1635.000000 0.926875 0.414030
1636.000000 0.937305 0.429478
1637.000000 0.944938 0.413054
1638.000000 0.954912 0.428258
1639.000000 0.964065 0.410203
1640.000000 0.971777 0.429389
1641.000000 0.982753 0.413886
1642.000000 0.986477 0.433069
1643.000000 0.994238 0.435379
1644.000000 0.992295 0.425465
1645.000000 0.990197 0.411069
1646.000000 0.996841 0.438610
1647.000000 0.652468 0.496288
1648.000000 0.672900 0.495338
1649.000000 0.710989 0.496411
1650.000000 0.726145 0.498002
1651.000000 0.736782 0.493803
1652.000000 0.752064 0.495256
1653.000000 0.775035 0.496255
1654.000000 0.262001 0.561434
1655.000000 0.248110 0.583327
1656.000000 0.294740 0.558353
1657.000000 0.286287 0.582840
1658.000000 0.325362 0.570268
1659.000000 0.364725 0.569083
1660.000000 0.402441 0.568273
1661.000000 0.436973 0.574852
1662.000000 0.471176 0.566955
1663.000000 0.196564 0.049426
1664.000000 0.190204 0.063458
1665.000000 0.203617 0.063257
1666.000000 0.208656 0.052490
1667.000000 0.206343 0.040971
1668.000000 0.216678 0.063116
1669.000000 0.219570 0.046871
1670.000000 0.228217 0.059997
1671.000000 0.233373 0.049398
1672.000000 0.247511 0.042000
1673.000000 0.241948 0.061570
1674.000000 0.262820 0.043613
1675.000000 0.263128 0.061585
1676.000000 0.276499 0.043782
1677.000000 0.286328 0.061651
1678.000000 0.296961 0.042216
1679.000000 0.305600 0.060756
1680.000000 0.313046 0.046052
1681.000000 0.320508 0.056925
1682.000000 0.329980 0.040693
1683.000000 0.335025 0.060264
1684.000000 0.351891 0.046019
1685.000000 0.349249 0.064528
1686.000000 0.373302 0.043949
1687.000000 0.364664 0.061869
1688.000000 0.391961 0.042914
1689.000000 0.385267 0.063001
1690.000000 0.408801 0.041853
1691.000000 0.404171 0.058429
1692.000000 0.425382 0.041283
1693.000000 0.418467 0.054754
1694.000000 0.442758 0.039908
1695.000000 0.436028 0.059571
1696.000000 0.457675 0.035923
1697.000000 0.456434 0.052346
1698.000000 0.472217 0.039999
1699.000000 0.475237 0.060642
1700.000000 0.492167 0.043365
1701.000000 0.493069 0.061775
1702.000000 0.512509 0.040494
1703.000000 0.505813 0.055203
1704.000000 0.525713 0.040336
1705.000000 0.525752 0.057481
1706.000000 0.542330 0.038779
1707.000000 0.545482 0.058787
1708.000000 0.561661 0.034267
1709.000000 0.562294 0.051988
1710.000000 0.576769 0.037220
1711.000000 0.579963 0.051998
1712.000000 0.595670 0.040234
1713.000000 0.591253 0.058600
1714.000000 0.613912 0.035084
1715.000000 0.611794 0.055552
1716.000000 0.630594 0.038754
1717.000000 0.628611 0.053592
1718.000000 0.648740 0.034445
1719.000000 0.644114 0.051847
1720.000000 0.663811 0.041096
1721.000000 0.909437 0.035526
1722.000000 0.932167 0.015435
1723.000000 0.937163 0.038831
1724.000000 0.956529 0.035324
1725.000000 0.950873 0.013679
1726.000000 0.158857 0.078717
1727.000000 0.135736 0.080181
1728.000000 0.175504 0.079352
1729.000000 0.187661 0.079164
1730.000000 0.198684 0.073805
1731.000000 0.200650 0.084295
1732.000000 0.210266 0.076928
1733.000000 0.229726 0.078809
1734.000000 0.249110 0.076472
1735.000000 0.261703 0.082466
1736.000000 0.277728 0.079915
1737.000000 0.298418 0.081193
1738.000000 0.320252 0.075406
1739.000000 0.339523 0.077496
1740.000000 0.356075 0.078276
1741.000000 0.373046 0.078579
1742.000000 0.387937 0.081294
1743.000000 0.402538 0.076893
1744.000000 0.419427 0.070663
1745.000000 0.435005 0.078893
1746.000000 0.455879 0.076000
1747.000000 0.472309 0.076283
1748.000000 0.485914 0.076352
1749.000000 0.507905 0.075694
1750.000000 0.527400 0.077945
1751.000000 0.542046 0.074023
1752.000000 0.556540 0.069581
1753.000000 0.574896 0.070007
1754.000000 0.595129 0.074028
1755.000000 0.612425 0.077716
1756.000000 0.628683 0.066771
1757.000000 0.648775 0.072138
1758.000000 0.010825 0.156002
1759.000000 0.022111 0.139635
1760.000000 0.026295 0.157267
1761.000000 0.016207 0.132577
1762.000000 0.040445 0.136423
1763.000000 0.039775 0.154092
1764.000000 0.059343 0.138801
1765.000000 0.052158 0.153558
1766.000000 0.070424 0.152685
1767.000000 0.074980 0.132686
1768.000000 0.080881 0.146568
1769.000000 0.077709 0.152406
1770.000000 0.094310 0.152437
1771.000000 0.089944 0.136593
1772.000000 0.082394 0.152350
1773.000000 0.110020 0.134004
1774.000000 0.107923 0.149121
1775.000000 0.118907 0.150009
1776.000000 0.130120 0.139700
1777.000000 0.129949 0.126758
1778.000000 0.134050 0.153120
1779.000000 0.147150 0.130475
1780.000000 0.143717 0.143603
1781.000000 0.150309 0.154280
1782.000000 0.159300 0.142115
1783.000000 0.163049 0.131011
1784.000000 0.162603 0.152770
1785.000000 0.170738 0.136941
1786.000000 0.177484 0.147921
1787.000000 0.177157 0.135900
1788.000000 0.195198 0.141138
1789.000000 0.184126 0.130984
1790.000000 0.195124 0.129111
1791.000000 0.197616 0.157431
1792.000000 0.204387 0.134164
1793.000000 0.212844 0.148525
1794.000000 0.217684 0.130405
1795.000000 0.234297 0.133868
1796.000000 0.228336 0.145143
1797.000000 0.250485 0.129638
1798.000000 0.244369 0.147953
1799.000000 0.265649 0.131290
1800.000000 0.266304 0.148323
1801.000000 0.282119 0.130606
1802.000000 0.282134 0.148319
1803.000000 0.304617 0.130894
1804.000000 0.295464 0.148108
1805.000000 0.322822 0.131328
1806.000000 0.313836 0.147853
1807.000000 0.338113 0.133159
1808.000000 0.330702 0.147424
1809.000000 0.355400 0.127285
1810.000000 0.347355 0.147148
1811.000000 0.376838 0.128116
1812.000000 0.368628 0.149284
1813.000000 0.392362 0.124919
1814.000000 0.391531 0.143031
1815.000000 0.405951 0.129022
1816.000000 0.411148 0.145024
1817.000000 0.419571 0.132022
1818.000000 0.426295 0.142894
1819.000000 0.436224 0.126870
1820.000000 0.443166 0.148365
1821.000000 0.454215 0.131734
1822.000000 0.463506 0.146575
1823.000000 0.474387 0.128589
1824.000000 0.478896 0.147427
1825.000000 0.012161 0.174290
1826.000000 0.003132 0.169668
1827.000000 0.001891 0.163167
1828.000000 0.003449 0.184964
1829.000000 0.008482 0.191454
1830.000000 0.024789 0.172771
1831.000000 0.023782 0.191092
1832.000000 0.041169 0.171954
1833.000000 0.042830 0.193840
1834.000000 0.062454 0.169774
1835.000000 0.059557 0.188366
1836.000000 0.078891 0.170677
1837.000000 0.072602 0.182282
1838.000000 0.085330 0.186211
1839.000000 0.092744 0.177929
1840.000000 0.089444 0.165860
1841.000000 0.094942 0.188109
1842.000000 0.100916 0.169155
1843.000000 0.105336 0.184925
1844.000000 0.113167 0.172539
1845.000000 0.123469 0.164499
1846.000000 0.125225 0.183624
1847.000000 0.140607 0.168623
1848.000000 0.148373 0.189425
1849.000000 0.163963 0.168993
1850.000000 0.167129 0.189614
1851.000000 0.185930 0.168428
1852.000000 0.181622 0.184906
1853.000000 0.200973 0.172205
1854.000000 0.195761 0.182034
1855.000000 0.214627 0.168345
1856.000000 0.212460 0.186877
1857.000000 0.233211 0.162897
1858.000000 0.231106 0.182951
1859.000000 0.254200 0.165080
1860.000000 0.246991 0.179324
1861.000000 0.267665 0.165861
1862.000000 0.266648 0.182958
1863.000000 0.283599 0.165664
1864.000000 0.285537 0.185562
1865.000000 0.305411 0.165121
1866.000000 0.298202 0.179923
1867.000000 0.324009 0.164265
1868.000000 0.316582 0.184653
1869.000000 0.338830 0.160682
1870.000000 0.339382 0.179213
1871.000000 0.353827 0.164824
1872.000000 0.359457 0.182469
1873.000000 0.371153 0.170395
1874.000000 0.374374 0.184915
1875.000000 0.387094 0.163495
1876.000000 0.385004 0.178395
1877.000000 0.403193 0.159191
1878.000000 0.404518 0.179805
1879.000000 0.423814 0.162804
1880.000000 0.424415 0.182274
1881.000000 0.442904 0.166624
1882.000000 0.436465 0.177759
1883.000000 0.457873 0.163393
1884.000000 0.453010 0.181970
1885.000000 0.475256 0.162030
1886.000000 0.469515 0.176432
1887.000000 0.025768 0.202548
1888.000000 0.076593 0.195417
1889.000000 0.004994 0.240649
1890.000000 0.012456 0.242871
1891.000000 0.020684 0.235036
1892.000000 0.033486 0.241174
1893.000000 0.043441 0.230514
1894.000000 0.045168 0.240880
1895.000000 0.057460 0.236583
1896.000000 0.077268 0.239039
1897.000000 0.097985 0.240977
1898.000000 0.112849 0.237920
1899.000000 0.129325 0.238245
1900.000000 0.151636 0.236874
1901.000000 0.166656 0.233141
1902.000000 0.181314 0.235993
1903.000000 0.199034 0.236979
1904.000000 0.218643 0.239009
1905.000000 0.233029 0.237408
1906.000000 0.247691 0.238500
1907.000000 0.269759 0.232960
1908.000000 0.284814 0.234769
1909.000000 0.297272 0.234371
1910.000000 0.315146 0.233927
1911.000000 0.335456 0.231849
1912.000000 0.356637 0.235960
1913.000000 0.376264 0.233718
1914.000000 0.389074 0.232099
1915.000000 0.403908 0.230397
1916.000000 0.426870 0.235458
1917.000000 0.444681 0.235533
1918.000000 0.461559 0.229322
1919.000000 0.481733 0.230916
1920.000000 0.005517 0.292182
1921.000000 0.007973 0.290972
1922.000000 0.012643 0.288593
1923.000000 0.024894 0.288375
1924.000000 0.046133 0.294306
1925.000000 0.067038 0.291959
1926.000000 0.080059 0.291197
1927.000000 0.096561 0.290373
1928.000000 0.113189 0.289031
1929.000000 0.127554 0.286668
1930.000000 0.146329 0.289336
1931.000000 0.166421 0.293539
1932.000000 0.184844 0.292526
1933.000000 0.196263 0.285154
1934.000000 0.215776 0.287150
1935.000000 0.238635 0.286930
1936.000000 0.255394 0.283755
1937.000000 0.271204 0.290121
1938.000000 0.286207 0.288546
1939.000000 0.303074 0.287187
1940.000000 0.322655 0.284376
1941.000000 0.334992 0.288581
1942.000000 0.353323 0.283419
1943.000000 0.376291 0.288831
1944.000000 0.393457 0.289313
1945.000000 0.408237 0.285385
1946.000000 0.424310 0.278948
1947.000000 0.437975 0.285871
1948.000000 0.453753 0.283226
1949.000000 0.474913 0.281620
1950.000000 0.491197 0.287078
1951.000000 0.755046 0.453218
1952.000000 0.767633 0.453475
1953.000000 0.777266 0.445124
1954.000000 0.788573 0.449061
1955.000000 0.798832 0.447420
1956.000000 0.809744 0.441805
1957.000000 0.807325 0.453498
1958.000000 0.819598 0.450921
1959.000000 0.830361 0.448182
1960.000000 0.843253 0.448277
1961.000000 0.864448 0.443612
1962.000000 0.878422 0.444691
1963.000000 0.890619 0.444640
1964.000000 0.908754 0.444634
1965.000000 0.929358 0.445359
1966.000000 0.948395 0.442367
1967.000000 0.962785 0.440816
1968.000000 0.976317 0.447413
1969.000000 0.992841 0.448649
1970.000000 0.998592 0.449069
1971.000000 0.790617 0.472504
1972.000000 0.788676 0.485561
1973.000000 0.803577 0.484660
1974.000000 0.812448 0.468210
1975.000000 0.812357 0.481430
1976.000000 0.812255 0.488106
1977.000000 0.837329 0.482310
1978.000000 0.821164 0.483880
1979.000000 0.831485 0.470781
1980.000000 0.848209 0.472378
1981.000000 0.847107 0.481835
1982.000000 0.866518 0.470168
1983.000000 0.857556 0.481858
1984.000000 0.874977 0.482619
1985.000000 0.883932 0.468881
1986.000000 0.890606 0.478698
1987.000000 0.885883 0.487063
1988.000000 0.900330 0.467846
1989.000000 0.903593 0.476676
1990.000000 0.900529 0.489533
1991.000000 0.917622 0.468670
1992.000000 0.914026 0.479554
1993.000000 0.921354 0.488701
1994.000000 0.931013 0.475653
1995.000000 0.931416 0.466564
1996.000000 0.939393 0.487972
1997.000000 0.944473 0.464101
1998.000000 0.949955 0.475754
1999.000000 0.956553 0.487173
2000.000000 0.959370 0.465860
2001.000000 0.967872 0.474689
2002.000000 0.967774 0.486002
2003.000000 0.970441 0.461313
2004.000000 0.980541 0.485256
2005.000000 0.983762 0.464834
2006.000000 0.994180 0.462885
2007.000000 0.993475 0.476314
2008.000000 0.998086 0.463480
2009.000000 0.998745 0.484237
2010.000000 0.115251 0.536220
2011.000000 0.075115 0.529704
2012.000000 0.152557 0.530833
2013.000000 0.604239 0.569749
2014.000000 0.657330 0.566320
2015.000000 0.232095 0.593955
2016.000000 0.264988 0.594056
2017.000000 0.290025 0.595479
2018.000000 0.314633 0.589622
2019.000000 0.349570 0.584915
2020.000000 0.386285 0.584070
2021.000000 0.421993 0.585436
2022.000000 0.458603 0.584107
2023.000000 0.107961 0.101673
2024.000000 0.090252 0.092655
2025.000000 0.073374 0.102581
2026.000000 0.145423 0.094060
2027.000000 0.127144 0.096177
2028.000000 0.025893 0.116588
2029.000000 0.017099 0.116772
2030.000000 0.042707 0.114014
2031.000000 0.059783 0.119793
2032.000000 0.074887 0.117806
2033.000000 0.091314 0.116868
2034.000000 0.107959 0.117185
2035.000000 0.121113 0.115148
2036.000000 0.142133 0.111966
2037.000000 0.162854 0.117716
2038.000000 0.173241 0.128172
2039.000000 0.178315 0.117678
2040.000000 0.190056 0.118773
2041.000000 0.202401 0.122117
2042.000000 0.211942 0.114055
2043.000000 0.231557 0.114277
2044.000000 0.248270 0.114364
2045.000000 0.263498 0.115856
2046.000000 0.280107 0.110181
2047.000000 0.297544 0.111241
2048.000000 0.314800 0.116709
2049.000000 0.334610 0.112653
2050.000000 0.354039 0.108169
2051.000000 0.369391 0.110972
2052.000000 0.386529 0.111121
2053.000000 0.403707 0.111763
2054.000000 0.420207 0.116784
2055.000000 0.435304 0.108059
2056.000000 0.455733 0.110480
2057.000000 0.472986 0.110827
2058.000000 0.922765 0.128936
2059.000000 0.081557 0.157878
2060.000000 0.109683 0.159696
2061.000000 0.006131 0.311241
2062.000000 0.009260 0.312660
2063.000000 0.008904 0.322151
2064.000000 0.005028 0.327831
2065.000000 0.016284 0.316293
2066.000000 0.015990 0.328281
2067.000000 0.030028 0.309140
2068.000000 0.024577 0.324354
2069.000000 0.046969 0.313612
2070.000000 0.037905 0.326966
2071.000000 0.062881 0.310053
2072.000000 0.057697 0.330041
2073.000000 0.082594 0.306529
2074.000000 0.077473 0.326383
2075.000000 0.100914 0.310627
2076.000000 0.096203 0.326080
2077.000000 0.117173 0.304108
2078.000000 0.114748 0.325095
2079.000000 0.134952 0.302184
2080.000000 0.135400 0.321014
2081.000000 0.149951 0.306865
2082.000000 0.155300 0.323045
2083.000000 0.164027 0.310791
2084.000000 0.169659 0.321672
2085.000000 0.181259 0.309737
2086.000000 0.183190 0.329471
2087.000000 0.199285 0.300693
2088.000000 0.202144 0.321440
2089.000000 0.213942 0.307712
2090.000000 0.221893 0.322268
2091.000000 0.230177 0.305225
2092.000000 0.239770 0.322149
2093.000000 0.251243 0.302825
2094.000000 0.257905 0.322770
2095.000000 0.267735 0.308044
2096.000000 0.275498 0.322116
2097.000000 0.285132 0.303242
2098.000000 0.292520 0.321294
2099.000000 0.302105 0.307231
2100.000000 0.309687 0.321283
2101.000000 0.321792 0.303779
2102.000000 0.322560 0.320674
2103.000000 0.341610 0.300442
2104.000000 0.339384 0.320944
2105.000000 0.359361 0.305638
2106.000000 0.358578 0.322857
2107.000000 0.376580 0.306227
2108.000000 0.370873 0.317743
2109.000000 0.387546 0.300829
2110.000000 0.389066 0.319662
2111.000000 0.402619 0.302325
2112.000000 0.411942 0.318890
2113.000000 0.425055 0.300964
2114.000000 0.426227 0.318363
2115.000000 0.444388 0.298049
2116.000000 0.443911 0.318035
2117.000000 0.460303 0.300183
2118.000000 0.465030 0.315643
2119.000000 0.480620 0.303067
2120.000000 0.479387 0.323104
2121.000000 0.009835 0.335320
2122.000000 0.004474 0.340763
2123.000000 0.008208 0.348659
2124.000000 0.003135 0.349838
2125.000000 0.023230 0.341728
2126.000000 0.043942 0.344550
2127.000000 0.058937 0.347981
2128.000000 0.073227 0.344568
2129.000000 0.090976 0.343460
2130.000000 0.110450 0.345109
2131.000000 0.129617 0.342021
2132.000000 0.149236 0.340398
2133.000000 0.167063 0.336399
2134.000000 0.180714 0.345318
2135.000000 0.199131 0.343956
2136.000000 0.214966 0.336464
2137.000000 0.230353 0.338427
2138.000000 0.247592 0.339382
2139.000000 0.267225 0.342058
2140.000000 0.284230 0.336119
2141.000000 0.300364 0.338133
2142.000000 0.321112 0.336536
2143.000000 0.339403 0.342766
2144.000000 0.352540 0.334901
2145.000000 0.370220 0.334938
2146.000000 0.386997 0.340009
2147.000000 0.403081 0.336831
2148.000000 0.424205 0.334570
2149.000000 0.444265 0.341914
2150.000000 0.464075 0.333417
2151.000000 0.478903 0.334706
2152.000000 0.517878 0.374269
2153.000000 0.531275 0.370546
2154.000000 0.543904 0.369460
2155.000000 0.564703 0.366431
2156.000000 0.587380 0.369403
2157.000000 0.605611 0.363210
2158.000000 0.616424 0.369557
2159.000000 0.619777 0.358680
2160.000000 0.630195 0.367656
2161.000000 0.652285 0.368874
2162.000000 0.675534 0.365838
2163.000000 0.686732 0.364535
2164.000000 0.695986 0.365045
2165.000000 0.700527 0.355085
2166.000000 0.707368 0.363028
2167.000000 0.723284 0.365628
2168.000000 0.738663 0.366897
2169.000000 0.751574 0.366713
2170.000000 0.758453 0.362883
2171.000000 0.758653 0.365865
2172.000000 0.765181 0.365861
2173.000000 0.778643 0.368010
2174.000000 0.791737 0.365356
2175.000000 0.806298 0.361261
2176.000000 0.824018 0.365198
2177.000000 0.010469 0.456653
2178.000000 0.005775 0.450717
2179.000000 0.010354 0.449700
2180.000000 0.002385 0.452512
2181.000000 0.017641 0.454007
2182.000000 0.030192 0.449891
2183.000000 0.049405 0.444673
2184.000000 0.069797 0.445931
2185.000000 0.081678 0.447086
2186.000000 0.093352 0.447929
2187.000000 0.111598 0.447331
2188.000000 0.133975 0.446000
2189.000000 0.150939 0.445789
2190.000000 0.168022 0.445419
2191.000000 0.189836 0.444193
2192.000000 0.206304 0.442027
2193.000000 0.221246 0.449692
2194.000000 0.235372 0.441769
2195.000000 0.253931 0.445603
2196.000000 0.274270 0.440459
2197.000000 0.294790 0.442471
2198.000000 0.312470 0.443198
2199.000000 0.327330 0.445425
2200.000000 0.343332 0.439505
2201.000000 0.357021 0.440482
2202.000000 0.368949 0.440938
2203.000000 0.794917 0.494905
2204.000000 0.832343 0.495320
2205.000000 0.847207 0.490042
2206.000000 0.862623 0.493858
2207.000000 0.815216 0.525759
2208.000000 0.864082 0.537377
2209.000000 0.884068 0.540162
2210.000000 0.899101 0.536353
2211.000000 0.918378 0.532388
2212.000000 0.937034 0.531952
2213.000000 0.953574 0.538541
2214.000000 0.970160 0.537994
2215.000000 0.979722 0.531020
2216.000000 0.990946 0.533209
2217.000000 0.996195 0.533794
2218.000000 0.040260 0.025461
2219.000000 0.026988 0.020969
2220.000000 0.930895 0.002364
2221.000000 0.944406 0.004601
2222.000000 0.844919 0.034172
2223.000000 0.877872 0.035808
2224.000000 0.036910 0.099588
2225.000000 0.027875 0.091959
2226.000000 0.020948 0.098601
2227.000000 0.053637 0.097391
2228.000000 0.848442 0.189375
2229.000000 0.856483 0.181393
2230.000000 0.861255 0.191644
2231.000000 0.868838 0.184887
2232.000000 0.880875 0.186622
2233.000000 0.892337 0.179555
2234.000000 0.891753 0.193924
2235.000000 0.904485 0.186764
2236.000000 0.922479 0.185511
2237.000000 0.946032 0.192120
2238.000000 0.966912 0.188837
2239.000000 0.978324 0.185742
2240.000000 0.981851 0.192935
2241.000000 0.583261 0.204992
2242.000000 0.819596 0.198689
2243.000000 0.835709 0.198750
2244.000000 0.874773 0.198720
2245.000000 0.021949 0.246945
2246.000000 0.930733 0.238873
2247.000000 0.945845 0.239881
2248.000000 0.958907 0.239417
2249.000000 0.977298 0.244275
2250.000000 0.984459 0.243756
2251.000000 0.504302 0.283668
2252.000000 0.511597 0.274062
2253.000000 0.521503 0.278905
2254.000000 0.512690 0.282272
2255.000000 0.578475 0.281071
2256.000000 0.597797 0.282697
2257.000000 0.612944 0.285896
2258.000000 0.630501 0.284369
2259.000000 0.647306 0.277823
2260.000000 0.666024 0.282713
2261.000000 0.686874 0.277384
2262.000000 0.707321 0.278681
2263.000000 0.722889 0.274727
2264.000000 0.739370 0.282989
2265.000000 0.759719 0.282933
2266.000000 0.774567 0.274223
2267.000000 0.786361 0.275494
2268.000000 0.798036 0.274762
2269.000000 0.812476 0.279623
2270.000000 0.825208 0.273803
2271.000000 0.842567 0.279433
2272.000000 0.856723 0.277591
2273.000000 0.515248 0.290077
2274.000000 0.721109 0.288050
2275.000000 0.772206 0.287413
2276.000000 0.786225 0.286040
2277.000000 0.002598 0.442296
2278.000000 0.012721 0.441217
2279.000000 0.398384 0.433925
2280.000000 0.027493 0.525639
2281.000000 0.044962 0.532753
2282.000000 0.050853 0.589618
2283.000000 0.069507 0.593337
2284.000000 0.099021 0.593813
2285.000000 0.132941 0.592876
2286.000000 0.167403 0.591673
2287.000000 0.200387 0.592619
2288.000000 0.229699 0.036352
2289.000000 0.160357 0.099881
2290.000000 0.174524 0.105257
2291.000000 0.176777 0.090781
2292.000000 0.184995 0.100414
2293.000000 0.193297 0.093019
2294.000000 0.212965 0.095990
2295.000000 0.230440 0.096886
2296.000000 0.248014 0.097139
2297.000000 0.269754 0.096924
2298.000000 0.287190 0.095992
2299.000000 0.299266 0.096547
2300.000000 0.313744 0.097986
2301.000000 0.330895 0.091750
2302.000000 0.346538 0.093996
2303.000000 0.363401 0.094263
2304.000000 0.379935 0.095080
2305.000000 0.397175 0.094857
2306.000000 0.419905 0.093873
2307.000000 0.443276 0.093353
2308.000000 0.456859 0.093143
2309.000000 0.472973 0.093233
2310.000000 0.184664 0.108995
2311.000000 0.196884 0.107253
2312.000000 0.825090 0.162974
2313.000000 0.907619 0.200463
2314.000000 0.012851 0.301092
2315.000000 0.605119 0.378753
2316.000000 0.622864 0.377890
2317.000000 0.636477 0.376622
2318.000000 0.687063 0.376475
2319.000000 0.758972 0.369378
2320.000000 0.779995 0.459664
2321.000000 0.796077 0.458549
2322.000000 0.829799 0.457805
2323.000000 0.841948 0.461350
2324.000000 0.857075 0.458727
2325.000000 0.877012 0.455922
2326.000000 0.895978 0.456878
2327.000000 0.913975 0.457091
2328.000000 0.930680 0.458981
2329.000000 0.943471 0.453085
2330.000000 0.959049 0.453827
