0.000000 0.469108 0.364232 1.006280 0.018250 0.721421
1.000000 0.527785 0.323822 1.000730 -0.017331 0.694781
2.000000 0.504670 0.407814 0.999578 -0.004743 0.747730
3.000000 0.457681 0.317031 0.999193 0.026410 0.692669
4.000000 0.269758 0.268041 0.999693 0.144714 0.665896
5.000000 0.369750 0.321879 1.003790 0.081181 0.697333
6.000000 0.304478 0.376452 1.004940 0.120820 0.733322
7.000000 0.898414 0.218709 0.998141 -0.245845 0.618443
8.000000 0.938168 0.199347 1.000340 -0.269784 0.607076
9.000000 0.974458 0.297324 0.997180 -0.296061 0.668061
10.000000 0.912163 0.285138 0.999391 -0.256735 0.661120
11.000000 0.840387 0.364679 1.005040 -0.213276 0.712714
12.000000 0.804273 0.367596 1.002230 -0.190770 0.715296
13.000000 0.894391 0.324462 1.002010 -0.246449 0.686668
14.000000 0.733927 0.341029 1.006010 -0.146010 0.699900
15.000000 0.808746 0.273272 1.001870 -0.192348 0.655484
16.000000 0.637402 0.332413 1.001380 -0.085851 0.697471
17.000000 0.660994 0.289414 1.000620 -0.099553 0.670693
18.000000 0.676979 0.321794 0.998510 -0.110425 0.690317
19.000000 0.614351 0.302501 1.006080 -0.071015 0.679244
20.000000 0.605622 0.353482 0.998891 -0.066669 0.711267
21.000000 0.450773 0.514159 0.999899 0.026499 0.815523
22.000000 0.524664 0.611933 0.996307 -0.021825 0.875027
23.000000 0.448927 0.593034 1.002740 0.025542 0.865028
24.000000 0.387145 0.624467 0.998213 0.063054 0.885996
25.000000 0.389809 0.544431 0.998678 0.063589 0.835857
26.000000 0.423841 0.387358 1.004010 0.045955 0.736925
27.000000 0.412751 0.315651 1.000260 0.054664 0.692703
28.000000 0.359619 0.387113 1.007880 0.086079 0.738287
29.000000 0.119116 0.438858 1.006520 0.234834 0.776213
30.000000 0.145695 0.378840 1.004690 0.219790 0.737694
31.000000 0.166132 0.437019 1.001860 0.205775 0.773743
32.000000 0.089999 0.409763 1.003850 0.253736 0.758833
33.000000 0.170469 0.599260 1.002130 0.199417 0.875003
34.000000 0.252356 0.614930 1.002550 0.147762 0.882798
35.000000 0.233896 0.648934 1.002660 0.158434 0.904533
36.000000 0.052375 0.603825 0.998232 0.273029 0.881045
37.000000 0.054602 0.651012 1.005420 0.270611 0.910227
38.000000 0.006612 0.645090 0.999080 0.300552 0.908491
39.000000 0.016763 0.551653 1.000040 0.296550 0.848471
40.000000 0.719535 0.712120 1.002240 -0.145522 0.933466
41.000000 0.755241 0.683988 1.000370 -0.167283 0.914808
42.000000 0.736178 0.732534 0.996928 -0.156150 0.945138
43.000000 0.466407 0.662587 1.002500 0.013202 0.907738
44.000000 0.564225 0.697572 0.998569 -0.048654 0.927795
45.000000 0.540543 0.734193 0.998087 -0.034800 0.951036
46.000000 0.473764 0.712936 1.001710 0.007214 0.939289
47.000000 0.429667 0.722857 0.998001 0.034224 0.946293
48.000000 0.434887 0.670726 1.000040 0.032373 0.913373
49.000000 0.763804 0.769728 0.997789 -0.174532 0.967726
50.000000 0.850090 0.716502 0.998780 -0.227208 0.932628
51.000000 0.703916 0.727500 0.998493 -0.136167 0.942788
52.000000 0.594472 0.738923 0.994683 -0.069199 0.952392
53.000000 0.612572 0.720565 1.000310 -0.079035 0.940858
54.000000 0.927891 0.788276 1.005380 -0.276743 0.975098
55.000000 0.888911 0.749049 0.998822 -0.251816 0.952119
56.000000 0.953493 0.737778 1.005810 -0.292200 0.943558
57.000000 0.898835 0.785996 0.999218 -0.259394 0.974678
58.000000 0.724135 0.760733 0.997713 -0.149374 0.963151
59.000000 0.663895 0.768974 1.004670 -0.112240 0.969062
60.000000 0.632818 0.739056 1.005560 -0.091644 0.951219
61.000000 0.611911 0.780457 1.000520 -0.080465 0.977502
62.000000 0.972226 0.845655 0.997507 -0.305719 1.008850
63.000000 0.908809 0.831228 1.005460 -0.266418 1.002350
64.000000 0.857553 0.807161 1.002340 -0.234063 0.988181
65.000000 0.396977 0.827676 0.998504 0.052446 1.012580
66.000000 0.431166 0.758936 1.000590 0.032501 0.968857
67.000000 0.479107 0.836562 1.002020 0.000813 1.016120
68.000000 0.316752 0.747545 1.001470 0.104354 0.964063
69.000000 0.348622 0.758197 1.002310 0.084155 0.970142
70.000000 0.336103 0.829622 1.002980 0.090443 1.015270
71.000000 0.253937 0.791420 0.999793 0.142507 0.992974
72.000000 0.242610 0.856677 0.998432 0.148021 1.034240
73.000000 0.729160 0.874591 1.002020 -0.155696 1.033330
74.000000 0.791170 0.815112 1.002230 -0.192918 0.995079
75.000000 0.793520 0.881509 0.998028 -0.196051 1.036440
76.000000 0.957673 0.903741 0.996966 -0.299176 1.045870
77.000000 0.868939 0.885696 1.000840 -0.243506 1.037070
78.000000 0.894673 0.939275 1.003070 -0.261096 1.069750
79.000000 0.759830 0.965432 1.006240 -0.177326 1.089640
80.000000 0.732295 0.920396 1.006330 -0.159103 1.061630
81.000000 0.517214 0.904296 1.001170 -0.024352 1.057810
82.000000 0.571247 0.860045 1.001150 -0.057032 1.028340
83.000000 0.571858 0.929007 1.002320 -0.059394 1.071730
84.000000 0.469043 0.916531 1.007110 0.005235 1.066280
85.000000 0.136172 0.935710 1.003620 0.213444 1.085650
86.000000 0.222935 0.944912 1.004130 0.158790 1.089890
87.000000 0.104579 0.947225 0.999273 0.232656 1.092860
88.000000 0.057130 0.947245 0.998735 0.262519 1.095000
89.000000 0.037102 0.881960 0.998661 0.276104 1.054320
90.000000 0.101031 0.845431 0.997678 0.236757 1.029770
91.000000 0.001107 0.909194 1.004700 0.297109 1.072360
92.000000 0.007599 0.839923 1.005110 0.294850 1.028930
93.000000 0.238931 0.151273 0.997960 0.166718 0.593170
94.000000 0.334921 0.177659 1.001300 0.105920 0.607436
95.000000 0.144438 0.173625 0.999669 0.225578 0.609538
96.000000 0.182295 0.194668 0.997336 0.201351 0.621885
97.000000 0.143661 0.247301 1.000620 0.223859 0.655601
98.000000 0.066150 0.183624 0.998384 0.274247 0.617793
99.000000 0.933799 0.476240 0.997778 -0.274415 0.780683
100.000000 0.978495 0.517534 0.998149 -0.303307 0.806149
101.000000 0.936685 0.528964 1.003310 -0.277616 0.813727
102.000000 0.854139 0.451310 1.001140 -0.224284 0.766690
103.000000 0.847678 0.539626 0.999022 -0.222039 0.822392
104.000000 0.275484 0.565725 0.998008 0.134472 0.851776
105.000000 0.154041 0.556527 1.000110 0.210887 0.848694
106.000000 0.243881 0.494767 0.998966 0.155912 0.808042
107.000000 0.533149 0.578692 0.998203 -0.026434 0.854117
108.000000 0.523332 0.482556 0.999830 -0.018211 0.794152
109.000000 0.409116 0.491252 1.003930 0.052897 0.802352
110.000000 0.031133 0.533953 1.005150 0.288369 0.838146
111.000000 0.077235 0.536579 1.000940 0.258992 0.837989
112.000000 0.407732 0.174435 0.995121 0.060308 0.604847
113.000000 0.393393 0.083118 0.999617 0.072329 0.547915
114.000000 0.453053 0.131024 1.001430 0.033969 0.576726
115.000000 0.229790 0.105205 1.000280 0.173270 0.565939
116.000000 0.216935 0.232781 1.000070 0.178521 0.644897
117.000000 0.225307 0.300971 1.004880 0.171429 0.687406
118.000000 0.024558 0.314044 1.005510 0.295856 0.699799
119.000000 0.037488 0.246348 1.003360 0.289390 0.657751
120.000000 0.094395 0.269567 0.997048 0.253568 0.670968
121.000000 0.304061 0.455137 1.001280 0.119234 0.781866
122.000000 0.156875 0.515908 1.004130 0.209470 0.823456
123.000000 0.208319 0.479634 1.000830 0.178397 0.799322
124.000000 0.167632 0.477187 1.006060 0.203414 0.798778
125.000000 0.132527 0.474245 1.004010 0.225528 0.797918
126.000000 0.207929 0.057110 1.002400 0.188334 0.536387
127.000000 0.153505 0.108070 1.002000 0.221434 0.568668
128.000000 0.731461 0.255110 0.997959 -0.142903 0.646864
129.000000 0.825081 0.190546 0.999077 -0.199645 0.603646
130.000000 0.466240 0.276655 0.997212 0.022264 0.667013
131.000000 0.490278 0.228247 0.999643 0.008474 0.636106
132.000000 0.557833 0.259628 0.999474 -0.034437 0.654297
133.000000 0.689404 0.341404 1.001300 -0.118617 0.701938
134.000000 0.493862 0.773046 1.002880 -0.006640 0.975605
135.000000 0.829824 0.085555 1.006300 -0.198837 0.539076
136.000000 0.899222 0.052709 1.004340 -0.242399 0.516911
137.000000 0.892241 0.115343 0.998382 -0.239341 0.555323
138.000000 0.998581 0.161265 0.994395 -0.307457 0.582162
139.000000 0.984369 0.127013 0.990716 -0.297321 0.560704
140.000000 0.985014 0.074705 0.993730 -0.295994 0.527736
141.000000 0.772950 0.131557 0.998205 -0.164961 0.568361
142.000000 0.786661 0.062977 0.999687 -0.171774 0.525954
143.000000 0.504062 0.115091 1.000120 0.003195 0.565731
144.000000 0.515921 0.061007 1.001260 -0.003189 0.531741
145.000000 0.560425 0.123942 0.997334 -0.032281 0.569480
146.000000 0.971097 0.138228 0.996193 -0.289785 0.568290
147.000000 0.895409 0.164519 0.998614 -0.243281 0.586732
148.000000 0.708291 0.146287 1.004740 -0.124592 0.581121
149.000000 0.753366 0.096810 0.998819 -0.151725 0.547680
150.000000 0.707222 0.072025 1.003130 -0.123237 0.533934
151.000000 0.698106 0.161603 1.000870 -0.119136 0.589893
152.000000 0.564478 0.057615 1.001440 -0.033466 0.528354
153.000000 0.649874 0.099374 1.004090 -0.087928 0.551994
154.000000 0.360119 0.489343 0.998629 0.083296 0.801855
155.000000 0.018914 0.498599 1.001380 0.296222 0.815697
156.000000 0.358478 0.670118 0.999377 0.080179 0.915094
157.000000 0.821284 0.971665 1.006710 -0.215884 1.091440
158.000000 0.672319 0.913957 1.000930 -0.121598 1.059700
159.000000 0.614592 0.929094 0.999718 -0.085995 1.070740
160.000000 0.951003 0.975021 1.004520 -0.297462 1.090600
161.000000 0.911197 0.972263 1.007240 -0.272336 1.089450
162.000000 0.391967 0.951266 1.002030 0.053044 1.090010
163.000000 0.487360 0.967368 1.007970 -0.007444 1.097740
164.000000 0.316988 0.954380 0.999155 0.100343 1.093560
165.000000 0.302034 0.912594 1.005120 0.110085 1.067990
166.000000 0.352415 0.907791 1.000720 0.078844 1.063690
167.000000 0.043742 0.051228 1.005320 0.290984 0.535457
168.000000 0.035012 0.008940 1.004000 0.297729 0.509374
169.000000 0.069985 0.001055 1.005260 0.275523 0.503879
170.000000 0.762536 0.387073 1.005160 -0.165349 0.728591
171.000000 0.859360 0.405610 1.002070 -0.226372 0.738683
172.000000 0.978148 0.387306 1.000630 -0.300360 0.723899
173.000000 0.918099 0.401533 0.998570 -0.262887 0.732933
174.000000 0.384128 0.443349 1.003810 0.069591 0.772775
175.000000 0.641381 0.962216 0.996956 -0.103629 1.090880
176.000000 0.374133 0.921293 0.998652 0.064747 1.071620
177.000000 0.100132 0.059172 0.998113 0.255928 0.539308
178.000000 0.088073 0.108137 0.999946 0.262568 0.569999
179.000000 0.029141 0.126276 1.001020 0.299056 0.582979
180.000000 0.807973 0.496166 0.998344 -0.196359 0.795950
181.000000 0.732754 0.465049 1.002030 -0.148617 0.778296
182.000000 0.698512 0.404791 1.001380 -0.125915 0.741351
183.000000 0.251288 0.387824 1.007240 0.154174 0.741218
184.000000 0.221206 0.430462 1.000310 0.171512 0.768196
185.000000 0.775907 0.557764 1.001220 -0.177341 0.835402
186.000000 0.720510 0.511841 1.005470 -0.141992 0.807785
187.000000 0.494459 0.747142 1.006450 -0.007008 0.959659
188.000000 0.970457 0.783319 1.001330 -0.303573 0.970849
189.000000 0.027862 0.805172 1.002400 0.283530 1.006480
190.000000 0.633720 0.152744 1.000670 -0.079630 0.586009
191.000000 0.919915 0.202741 1.003580 -0.261123 0.613292
192.000000 0.618343 0.179798 1.004170 -0.069647 0.602557
193.000000 0.574194 0.214496 1.000400 -0.043856 0.625880
194.000000 0.610935 0.209459 1.004130 -0.066201 0.621693
195.000000 0.562900 0.166047 0.997232 -0.035719 0.595921
196.000000 0.467741 0.162085 1.005510 0.024970 0.595792
197.000000 0.879613 0.643892 1.002460 -0.243840 0.886649
198.000000 0.893033 0.567906 0.998551 -0.251105 0.838974
199.000000 0.967514 0.588624 1.001950 -0.298141 0.850514
200.000000 0.249606 0.686522 0.996809 0.147667 0.927036
201.000000 0.275258 0.750522 0.998220 0.130048 0.966923
202.000000 0.224040 0.707022 0.997651 0.163258 0.940400
203.000000 0.296073 0.657783 1.003620 0.119403 0.908461
204.000000 0.172340 0.326821 1.004510 0.204213 0.704555
205.000000 0.128870 0.304011 0.997406 0.231012 0.691509
206.000000 0.974980 0.453711 0.996091 -0.299652 0.765476
207.000000 0.116309 0.581826 0.997541 0.233593 0.865709
208.000000 0.437639 0.630403 1.006500 0.032228 0.888529
209.000000 0.092298 0.674107 1.007940 0.246161 0.923603
210.000000 0.168541 0.638049 1.006030 0.199599 0.899240
211.000000 0.161107 0.728894 1.007110 0.201401 0.956244
212.000000 0.066585 0.763406 1.002090 0.259954 0.979769
213.000000 0.126378 0.785540 0.998838 0.222610 0.991402
214.000000 0.002683 0.774675 1.000220 0.299922 0.988118
215.000000 0.441060 0.440336 1.000430 0.034266 0.769587
216.000000 0.020542 0.422773 0.999216 0.296844 0.768355
217.000000 0.049108 0.485388 1.001540 0.277683 0.806648
218.000000 0.677745 0.557954 1.003700 -0.116037 0.837657
219.000000 0.634535 0.576871 1.001800 -0.089418 0.850521
220.000000 0.609288 0.622503 0.997901 -0.075198 0.879792
221.000000 0.598906 0.505682 0.996526 -0.065933 0.806798
222.000000 0.802813 0.617914 1.003790 -0.195428 0.872495
223.000000 0.838986 0.622555 1.000210 -0.217855 0.874489
224.000000 0.402032 0.887110 1.001450 0.048075 1.049680
225.000000 0.954594 0.038762 0.996105 -0.275728 0.506966
226.000000 0.928529 0.069577 1.003110 -0.261433 0.526580
227.000000 0.861967 0.026135 1.006810 -0.218136 0.501267
228.000000 0.802933 0.030868 0.999022 -0.181713 0.505723
229.000000 0.395261 0.221908 0.999828 0.067054 0.634015
230.000000 0.368438 0.275884 1.004650 0.082623 0.668546
231.000000 0.083132 0.358273 0.998831 0.258762 0.726788
232.000000 0.043881 0.396687 1.001120 0.282772 0.751566
233.000000 0.110234 0.715123 1.007750 0.233796 0.948810
234.000000 0.671431 0.475353 1.000270 -0.110615 0.786224
235.000000 0.866843 0.753485 1.004690 -0.238899 0.954427
236.000000 0.647448 0.814065 1.003510 -0.103211 0.997642
237.000000 0.702166 0.838836 1.005600 -0.137850 1.012120
238.000000 0.543700 0.817232 1.002330 -0.038869 1.002330
239.000000 0.200054 0.006712 1.003090 0.194119 0.505018
240.000000 0.308601 0.004216 0.998798 0.127719 0.501068
241.000000 0.165520 0.038978 0.998695 0.214944 0.525450
242.000000 0.127618 0.005435 1.000970 0.239493 0.505410
243.000000 0.513151 0.013369 1.000970 -0.000465 0.502091
244.000000 0.615683 0.019694 0.998920 -0.064594 0.503690
245.000000 0.734020 0.050229 1.004520 -0.138882 0.519091
246.000000 0.998894 0.232167 0.998464 -0.310244 0.626772
247.000000 0.216475 0.339048 1.003720 0.176375 0.711223
248.000000 0.136234 0.336171 1.003720 0.226618 0.710942
249.000000 0.029677 0.364098 1.004200 0.291719 0.731108
250.000000 0.620043 0.420175 0.999998 -0.077199 0.752866
251.000000 0.435450 0.197512 0.996046 0.043111 0.618246
252.000000 0.274715 0.130617 1.005400 0.145379 0.581287
253.000000 0.671413 0.174112 0.997967 -0.102720 0.597924
254.000000 0.409798 0.195081 0.993335 0.059730 0.617716
255.000000 0.007765 0.707121 0.996679 0.297420 0.946281
256.000000 0.472424 0.082255 1.004960 0.023234 0.546174
257.000000 0.419256 0.015196 1.002760 0.057564 0.505216
258.000000 0.323349 0.065589 1.002020 0.116503 0.539006
259.000000 0.281034 0.054985 0.998343 0.143017 0.533293
260.000000 0.566506 0.492422 0.996655 -0.045315 0.799211
261.000000 0.294806 0.602829 1.001880 0.121410 0.874113
262.000000 0.661204 0.011894 0.998577 -0.092962 0.497320
263.000000 0.730449 0.812853 1.003300 -0.154835 0.994985
264.000000 0.336150 0.877405 1.005770 0.089135 1.045190
265.000000 0.912485 0.638343 1.007190 -0.263449 0.882054
266.000000 0.277160 0.159095 1.000950 0.143017 0.598905
267.000000 0.706857 0.653654 1.005040 -0.136548 0.896936
268.000000 0.643590 0.653889 1.002070 -0.096972 0.898481
269.000000 0.967295 0.663601 1.007450 -0.299127 0.896479
270.000000 0.661680 0.697713 0.998899 -0.109123 0.925306
271.000000 0.619011 0.664379 1.003450 -0.081708 0.905445
272.000000 0.178926 0.758683 1.002310 0.190030 0.974006
273.000000 0.797980 0.666516 0.996823 -0.193456 0.902480
274.000000 0.758471 0.615476 0.999697 -0.167736 0.871886
275.000000 0.702818 0.966403 0.998825 -0.142428 1.091320
