0.35418	1.1693 0.1 
0.32472	1.1709 0.1 
0.24377	1.1724 0.1 
0.18735	1.1776 0.1 
0.025198	1.178 0.1 
0.0086122	1.1789 0.1 
-0.0086468	1.18 0.1 
-0.025582	1.1806 0.1 
-0.084258	1.1806 0.1 
-0.1544	1.1829 0.1 
-0.15796	1.1831 0.1 
-0.18196	1.1834 0.1 
-0.3141	1.1878 0.1 
-0.32438	1.189 0.1 
-0.35722	1.1924 0.1 
-0.36712	1.1924 0.1 
-0.38243	1.1602 0.1 
-0.38952	1.1435 0.1 
-0.39105	1.1252 0.1 
-0.38929	1.014 0.1 
-0.38607	0.96987 0.1 
-0.38507	0.94455 0.1 
-0.38292	0.73015 0.1 
-0.39759	0.56261 0.1 
-0.39925	0.49415 0.1 
-0.395	0.48654 0.1 
-0.38077	0.46354 0.1 
-0.37558	0.46272 0.1 
-0.36188	0.46212 0.1 
-0.30407	0.45845 0.1 
-0.19646	0.45842 0.1 
-0.12981	0.45753 0.1 
-0.11809	0.45754 0.1 
-0.040248	0.4587 0.1 
0.02594	0.45867 0.1 
0.041188	0.45826 0.1 
0.10585	0.45485 0.1 
0.11983	0.45496 0.1 
0.25909	0.45973 0.1 
0.33717	0.45597 0.1 
0.40941	0.45489 0.1 
0.50743	0.45585 0.1 
0.52084	0.45534 0.1 
0.53756	0.45505 0.1 
0.55996	0.47483 0.1 
0.56644	0.4862 0.1 
0.57233	0.60138 0.1 
0.5744	0.6442 0.1 
0.57221	0.69908 0.1 
0.57048	0.82819 0.1 
0.57213	0.90025 0.1 
0.58225	0.99876 0.1 
0.5886	1.0962 0.1 
0.59195	1.1285 0.1 
0.59088	1.1419 0.1 
0.58145	1.1563 0.1 
0.55225	1.1635 0.1 
0.52324	1.1651 0.1 
0.50093	1.1666 0.1 
0.44221	1.1656 0.1 
0.37838	1.1686 0.1 
0.35418	1.1693 0.1 