0.977632 -0.160923 0.600416
0.983178 -0.151735 0.599438
0.986768 -0.141402 0.598912
0.988807 -0.129941 0.599307
0.990051 -0.117817 0.60071
0.991151 -0.105469 0.60284
0.992545 -0.0930639 0.605092
0.994621 -0.0805514 0.60665
0.99755 -0.0678186 0.606961
1.0009 -0.0548291 0.606261
1.00378 -0.0416698 0.605451
1.00555 -0.0284938 0.605338
1.00638 -0.0154257 0.606083
1.00702 -0.00250471 0.60728
1.00826 0.0103153 0.608387
1.0104 0.0231281 0.609067
1.01319 0.0360256 0.609325
1.01597 0.0490497 0.609437
1.01819 0.0621722 0.609797
1.01963 0.0753316 0.610755
1.02031 0.0885083 0.612422
1.02028 0.101745 0.614493
1.01966 0.115077 0.616391
1.01856 0.128466 0.6178
1.01707 0.141844 0.618986
1.0154 0.155198 0.62042
1.014 0.168575 0.622193
1.01341 0.182006 0.623976
1.01382 0.195449 0.625462
1.01499 0.208812 0.626654
1.01647 0.222022 0.627759
1.01791 0.235064 0.628947
1.01916 0.247971 0.630239
1.02023 0.260797 0.631529
1.02122 0.273579 0.632662
1.02223 0.286315 0.633495
1.02338 0.298953 0.633936
1.02478 0.311419 0.633959
1.02651 0.323667 0.633641
1.02856 0.33575 0.633186
1.03081 0.34788 0.632904
1.03304 0.360395 0.633111
1.03493 0.373583 0.634011
1.03593 0.387445 0.635633
1.04529 0.389992 0.656938
1.04454 0.376733 0.655311
1.0423 0.363368 0.654764
1.03956 0.350043 0.655048
1.0371 0.336848 0.655715
1.03523 0.323782 0.656393
1.03391 0.310828 0.656844
1.03293 0.298005 0.656961
1.03208 0.285352 0.656728
1.03118 0.272892 0.656178
1.03018 0.260608 0.65536
1.02905 0.248442 0.654332
1.02782 0.236307 0.653152
1.02651 0.224111 0.651866
1.0252 0.211773 0.650486
1.02406 0.199239 0.64897
1.02331 0.18649 0.647229
1.02319 0.173546 0.645188
1.02379 0.160449 0.642881
1.02493 0.147248 0.640488
1.02625 0.133996 0.638227
1.0274 0.120748 0.636204
1.02812 0.107555 0.634389
1.02828 0.0944495 0.632753
1.02782 0.0814276 0.631364
1.02662 0.0684652 0.630329
1.02458 0.0555579 0.629704
1.02171 0.0427331 0.629444
1.01835 0.0300159 0.629384
1.01514 0.0173875 0.629269
1.01269 0.00478194 0.628879
1.0112 -0.0078812 0.628167
1.0103 -0.0206549 0.627296
1.00931 -0.0335339 0.626534
1.00763 -0.0464439 0.626066
1.00519 -0.0592618 0.625853
1.00241 -0.0718783 0.625653
0.999833 -0.0842873 0.625203
0.997826 -0.0966381 0.624387
0.996583 -0.10919 0.62326
0.996125 -0.122114 0.621985
0.996001 -0.13516 0.620817
0.995106 -0.14749 0.620008
0.992242 -0.158144 0.619586
0.995792 -0.155091 0.631218
0.996667 -0.151139 0.644046
0.996677 -0.138293 0.645112
0.995973 -0.124768 0.646118
0.995671 -0.111529 0.646996
0.996191 -0.0988212 0.647697
0.997527 -0.0864152 0.648243
0.999529 -0.0739822 0.648699
1.00192 -0.0613022 0.649153
1.00428 -0.0483337 0.649689
1.00629 -0.0351838 0.650349
1.00795 -0.0220177 0.651074
1.00971 -0.00896904 0.651708
1.01207 0.00390899 0.652097
1.01524 0.0166433 0.652205
1.01899 0.0293083 0.652158
1.02274 0.0419804 0.652177
1.02596 0.0547054 0.652455
1.02838 0.0674944 0.653079
1.03001 0.080346 0.654038
1.03099 0.0932681 0.655286
1.03147 0.106276 0.656786
1.03157 0.11937 0.658523
1.03144 0.13252 0.660473
1.03129 0.145666 0.662569
1.03134 0.158733 0.664703
1.03174 0.171657 0.666761
1.03253 0.184398 0.668674
1.03364 0.196939 0.670427
1.03494 0.209292 0.672044
1.0363 0.221494 0.673544
1.03764 0.233608 0.674933
1.03886 0.245722 0.676194
1.03993 0.257939 0.677298
1.0408 0.270366 0.678208
1.04142 0.283098 0.678883
1.04185 0.296196 0.679282
1.04222 0.309667 0.679361
1.04287 0.32345 0.679101
1.04415 0.337403 0.678565
1.04623 0.351285 0.67801
1.04861 0.36479 0.677952
1.05021 0.377698 0.678939
1.05018 0.390132 0.680971
1.055 0.389914 0.707374
1.05564 0.377883 0.705113
1.05433 0.365397 0.703521
1.05216 0.352116 0.702928
1.05036 0.338206 0.702941
1.04947 0.32404 0.703047
1.04924 0.309945 0.702943
1.04921 0.29612 0.702534
1.04905 0.282662 0.701821
1.04862 0.269581 0.700843
1.0479 0.256822 0.699649
1.04692 0.2443 0.69829
1.04571 0.231916 0.696815
1.04433 0.219577 0.695264
1.04282 0.207207 0.693672
1.04123 0.194751 0.692057
1.03963 0.182176 0.690429
1.0381 0.169469 0.688788
1.03669 0.15664 0.687141
1.03541 0.14372 0.685511
1.03422 0.130757 0.683937
1.03304 0.117804 0.682465
1.03179 0.104905 0.681134
1.03037 0.0920835 0.679971
1.02868 0.079341 0.679005
1.02658 0.066667 0.678273
1.02393 0.0540438 0.677813
1.02072 0.0414439 0.677623
1.01708 0.0288208 0.677626
1.01331 0.0161035 0.677666
1.00976 0.00320965 0.677558
1.00658 -0.00992277 0.677178
1.0037 -0.0232939 0.676524
1.00087 -0.0368104 0.6757
0.99798 -0.0502904 0.674846
0.995207 -0.063525 0.674056
0.992932 -0.076386 0.673364
0.991459 -0.0889204 0.672758
0.990859 -0.101371 0.672194
0.991025 -0.114095 0.671607
0.991797 -0.127369 0.670928
0.992856 -0.141076 0.670104
0.990741 -0.135576 0.68245
0.989859 -0.13015 0.694527
0.988774 -0.116936 0.695462
0.988253 -0.104247 0.696315
0.988493 -0.0918482 0.697145
0.989655 -0.0794135 0.698007
0.991759 -0.0667095 0.698926
0.994618 -0.0536753 0.699889
0.997924 -0.04041 0.700845
1.00139 -0.0270949 0.701717
1.00487 -0.013904 0.702423
1.0083 -0.000946138 0.702909
1.01167 0.011749 0.703176
1.01495 0.0242142 0.70329
1.01808 0.0365165 0.703353
1.02099 0.0487315 0.703467
1.02366 0.0609256 0.703706
1.02611 0.0731488 0.704105
1.0284 0.0854348 0.704667
1.03059 0.097803 0.705377
1.03272 0.11026 0.706223
1.03481 0.122797 0.707191
1.03687 0.135391 0.708273
1.0389 0.148011 0.709462
1.04091 0.160619 0.710751
1.04289 0.173185 0.712136
1.04483 0.185688 0.713616
1.04669 0.198121 0.715185
1.04844 0.210496 0.716828
1.05002 0.222844 0.718518
1.05141 0.23521 0.720215
1.05258 0.247657 0.721868
1.0535 0.260254 0.723416
1.05415 0.273066 0.724798
1.05452 0.286136 0.725956
1.05462 0.299464 0.726847
1.05454 0.313 0.727452
1.05458 0.326643 0.727798
1.05518 0.340257 0.727991
1.05664 0.353671 0.728235
1.05843 0.366691 0.728801
1.05912 0.379226 0.729831
1.05742 0.391515 0.731053
1.05108 0.39277 0.753333
1.05312 0.379632 0.753398
1.05428 0.366747 0.753314
1.05499 0.353859 0.753186
1.05575 0.340856 0.753009
1.05662 0.327693 0.752724
1.05733 0.314387 0.75226
1.05768 0.301016 0.751555
1.05758 0.287687 0.750577
1.05708 0.274488 0.749325
1.05623 0.261463 0.747827
1.05507 0.248605 0.746141
1.05363 0.235879 0.744335
1.05196 0.22323 0.742483
1.05011 0.210606 0.740652
1.04815 0.197965 0.738901
1.04613 0.185281 0.73727
1.04407 0.172547 0.735785
1.04197 0.159773 0.734458
1.03982 0.146987 0.733288
1.03759 0.134222 0.732269
1.03525 0.121515 0.73139
1.03281 0.108898 0.730642
1.0303 0.0963894 0.730019
1.02776 0.0839972 0.729515
1.0252 0.0717122 0.729127
1.02266 0.0595109 0.728848
1.02011 0.0473542 0.728659
1.01755 0.0351881 0.728528
1.01492 0.0229473 0.728401
1.0122 0.0105631 0.728217
1.00935 -0.00202196 0.727913
1.00637 -0.0148367 0.72744
1.0033 -0.0278626 0.726781
1.00025 -0.0410248 0.725945
0.997393 -0.054202 0.72497
0.994936 -0.0672691 0.723898
0.993098 -0.080167 0.722765
0.992046 -0.0929714 0.72158
0.991867 -0.105907 0.720327
0.992579 -0.119259 0.718968
0.995803 -0.113528 0.731521
0.999828 -0.107735 0.744185
1.00014 -0.094345 0.745775
1.00105 -0.0812351 0.747206
1.00239 -0.068202 0.748489
1.00403 -0.0551609 0.749623
1.00587 -0.042129 0.750596
1.00782 -0.0291711 0.751395
1.00983 -0.0163507 0.752018
1.01185 -0.003704 0.752477
1.01388 0.008768 0.752798
1.01595 0.0210946 0.753023
1.01809 0.0333253 0.753198
1.02035 0.0455187 0.753367
1.02273 0.0577328 0.753571
1.02522 0.0700184 0.75384
1.02777 0.0824147 0.754195
1.03028 0.0949469 0.754651
1.03268 0.107625 0.755222
1.03488 0.120442 0.755923
1.03687 0.133375 0.756768
1.03868 0.146385 0.757776
1.04043 0.159425 0.75896
1.04224 0.172451 0.76033
1.04422 0.185427 0.761883
1.04638 0.19834 0.763599
1.04869 0.211198 0.765441
1.05103 0.224034 0.767351
1.05326 0.236894 0.769258
1.05524 0.249832 0.771085
1.05686 0.26289 0.772755
1.05805 0.276085 0.774202
1.05872 0.289391 0.775389
1.05879 0.302728 0.776308
1.05809 0.31597 0.776986
1.05653 0.32899 0.777469
1.05411 0.341719 0.777792
1.05102 0.354214 0.777959
1.04767 0.36668 0.777923
1.04459 0.379458 0.777604
1.04243 0.392987 0.776918
1.04126 0.394545 0.800915
1.04306 0.381098 0.801801
1.04622 0.368556 0.802202
1.04991 0.356456 0.802244
1.05342 0.344407 0.802063
1.05625 0.332144 0.801757
1.05812 0.319562 0.801357
1.05904 0.306688 0.800836
1.05909 0.293638 0.800138
1.05842 0.280542 0.799211
1.05711 0.267503 0.798029
1.05523 0.254578 0.7966
1.05286 0.241776 0.794966
1.05013 0.229066 0.793184
1.04726 0.216402 0.791326
1.04449 0.203728 0.789467
1.04204 0.191 0.787683
1.04004 0.178192 0.786034
1.03849 0.165305 0.784558
1.0373 0.152365 0.783266
1.03626 0.139417 0.78215
1.03516 0.126515 0.781193
1.0338 0.113711 0.780378
1.03211 0.101043 0.779692
1.03011 0.0885299 0.779119
1.02792 0.0761711 0.778644
1.02567 0.0639501 0.778252
1.0235 0.0518373 0.777926
1.02149 0.0397938 0.777645
1.01969 0.0277744 0.777382
1.01813 0.0157315 0.777105
1.01678 0.00362007 0.77678
1.01559 -0.00859655 0.776371
1.01454 -0.0209406 0.775844
1.01357 -0.0334156 0.775174
1.01265 -0.0460053 0.774342
1.01174 -0.0586793 0.773337
1.01082 -0.0714085 0.772156
1.00988 -0.0841911 0.770801
1.00896 -0.0970842 0.769272
1.01349 -0.0925224 0.781531
1.01776 -0.0884426 0.793593
1.01865 -0.0755863 0.795012
1.0193 -0.0627592 0.796266
1.01978 -0.0499681 0.797357
1.02017 -0.0372373 0.798291
1.02054 -0.0245922 0.799082
1.02099 -0.0120486 0.799747
1.02161 0.000392748 0.800311
1.02245 0.0127466 0.800801
1.02358 0.0250409 0.801247
1.025 0.0373124 0.801678
1.02668 0.0496028 0.802118
1.02856 0.0619543 0.802592
1.03049 0.0744056 0.803119
1.03231 0.0869883 0.803717
1.03387 0.099721 0.804397
1.03507 0.112603 0.805165
1.03596 0.125608 0.806015
1.03674 0.138689 0.806943
1.03766 0.151791 0.807974
1.03886 0.164868 0.80918
1.04038 0.177894 0.81064
1.04223 0.190856 0.81237
1.04448 0.203751 0.814282
1.04715 0.216591 0.816231
1.05008 0.229416 0.818087
1.05297 0.242283 0.819771
1.05549 0.255245 0.821241
1.05747 0.268329 0.822467
1.05882 0.281523 0.823432
1.05954 0.294766 0.824144
1.05956 0.307955 0.824646
1.0588 0.320965 0.825005
1.05718 0.333694 0.825294
1.05475 0.346124 0.825543
1.05177 0.358377 0.825713
1.04876 0.370735 0.825675
1.04641 0.383611 0.825242
1.04549 0.397481 0.824237
1.05128 0.399892 0.847331
1.0513 0.385582 0.848364
1.05278 0.372313 0.848727
1.05499 0.359591 0.84868
1.05725 0.346996 0.848468
1.05907 0.334255 0.848243
1.06025 0.32126 0.848046
1.06077 0.308033 0.847826
1.06069 0.29467 0.847493
1.06007 0.281278 0.846965
1.05892 0.267945 0.84619
1.05724 0.25472 0.845148
1.05509 0.241609 0.84383
1.05278 0.228577 0.842207
1.0508 0.215558 0.840242
1.0495 0.20249 0.837981
1.04871 0.189367 0.835671
1.04772 0.176239 0.833708
1.04597 0.163151 0.832363
1.04364 0.150094 0.831567
1.04142 0.13702 0.831
1.03975 0.123916 0.830389
1.03853 0.110824 0.829665
1.03735 0.0978077 0.828892
1.03599 0.0849072 0.828137
1.03441 0.0721288 0.827428
1.03277 0.0594526 0.826762
1.03122 0.0468447 0.826122
1.02989 0.0342656 0.825493
1.02885 0.0216759 0.824854
1.02811 0.00904047 0.824189
1.02764 -0.0036673 0.823478
1.02738 -0.0164617 0.822703
1.02722 -0.0293419 0.821846
1.02706 -0.0422914 0.820893
1.0268 -0.0552807 0.819829
1.02634 -0.0682762 0.818643
1.02561 -0.0812521 0.817325
1.02927 -0.0778498 0.829122
1.03282 -0.0743848 0.840951
1.03352 -0.0612453 0.842184
1.03394 -0.0480559 0.843339
1.03415 -0.0348552 0.844431
1.03422 -0.0216879 0.84547
1.03426 -0.0085907 0.846462
1.0344 0.00441557 0.84741
1.03474 0.0173283 0.848312
1.03536 0.0301616 0.849171
1.03629 0.0429428 0.849988
1.0375 0.055708 0.850771
1.0389 0.0684978 0.851536
1.04035 0.0813509 0.8523
1.04171 0.0942947 0.853071
1.04303 0.107329 0.853817
1.04464 0.120409 0.854433
1.04705 0.13346 0.854804
1.05036 0.146435 0.85499
1.05373 0.159379 0.855385
1.05584 0.172402 0.856506
1.05623 0.185546 0.858506
1.05586 0.198732 0.860993
1.05597 0.211864 0.863389
1.05703 0.22493 0.865371
1.05866 0.237992 0.866921
1.06028 0.25112 0.868136
1.06154 0.264354 0.869079
1.06237 0.277695 0.869774
1.06281 0.29111 0.870238
1.06289 0.304539 0.870524
1.06258 0.317892 0.870726
1.06183 0.331076 0.870967
1.06058 0.344038 0.871345
1.05896 0.356835 0.871857
1.05733 0.369692 0.87234
1.05629 0.383011 0.872461
1.05664 0.39733 0.871775
1.06204 0.393054 0.89761
1.06136 0.378856 0.897644
1.06193 0.36571 0.896732
1.06303 0.352969 0.895552
1.06416 0.340206 0.894527
1.06507 0.327224 0.893816
1.0657 0.314011 0.893369
1.06608 0.300645 0.893039
1.06622 0.287227 0.892675
1.0661 0.273832 0.892171
1.06564 0.260509 0.891479
1.06476 0.247286 0.890586
1.06342 0.234175 0.88949
1.0618 0.221162 0.888165
1.06024 0.208206 0.886568
1.05904 0.195253 0.884721
1.05806 0.182271 0.882836
1.0567 0.169277 0.881269
1.05457 0.156278 0.880237
1.05206 0.143235 0.879617
1.04989 0.130106 0.879097
1.04834 0.116919 0.878481
1.04712 0.103748 0.877767
1.04591 0.0906581 0.877025
1.04457 0.077667 0.876286
1.04322 0.0647531 0.875529
1.04205 0.0518746 0.874718
1.04119 0.0389853 0.873823
1.04071 0.0260427 0.872836
1.04055 0.0130128 0.871767
1.04061 -0.000125326 0.870637
1.04076 -0.0133751 0.869475
1.04085 -0.0267185 0.868305
1.04073 -0.040116 0.867141
1.04031 -0.0535122 0.865986
1.03955 -0.0668501 0.864827
1.04274 -0.0626861 0.876882
1.04585 -0.0582719 0.888993
1.04659 -0.0447974 0.890107
1.04686 -0.0312837 0.8913
1.04673 -0.0178048 0.892566
1.04635 -0.00441654 0.893875
1.04591 0.00885122 0.895177
1.04562 0.0219944 0.896414
1.04566 0.0350298 0.89753
1.04615 0.0479896 0.898493
1.04709 0.0609163 0.8993
1.04837 0.073859 0.899986
1.04975 0.0868684 0.900616
1.05098 0.0999847 0.901265
1.05193 0.113217 0.901989
1.05271 0.126523 0.902796
1.05364 0.139815 0.903668
1.05504 0.153 0.904605
1.05699 0.166025 0.905646
1.05939 0.178902 0.906815
1.06206 0.191687 0.908071
1.06476 0.204465 0.909334
1.0672 0.217315 0.910542
1.06912 0.230286 0.911672
1.0704 0.243388 0.912705
1.07106 0.256603 0.913619
1.07122 0.269901 0.914399
1.07098 0.283248 0.915056
1.07044 0.2966 0.915639
1.06973 0.30989 0.916245
1.06892 0.32302 0.917012
1.06817 0.33589 0.91808
1.06764 0.348477 0.919507
1.06757 0.360946 0.921157
1.0682 0.373748 0.922617
1.06977 0.387641 0.923184
1.07781 0.382732 0.94776
1.07461 0.36918 0.947066
1.07251 0.356613 0.945583
1.07172 0.344251 0.943864
1.07207 0.331712 0.942227
1.07317 0.3189 0.940801
1.07456 0.305854 0.9396
1.07588 0.292656 0.93857
1.07689 0.279378 0.937637
1.07745 0.266072 0.936726
1.07748 0.252778 0.935779
1.07692 0.239534 0.934766
1.07569 0.226381 0.933691
1.07372 0.213349 0.932579
1.07108 0.200444 0.931463
1.06801 0.187628 0.930365
1.06491 0.174819 0.929293
1.06222 0.16192 0.928248
1.06018 0.148871 0.927237
1.05878 0.135677 0.926288
1.05772 0.122409 0.925446
1.05663 0.109156 0.924745
1.0553 0.0959876 0.924182
1.05376 0.0829241 0.9237
1.05225 0.0699458 0.923206
1.05103 0.0570118 0.922604
1.05031 0.0440762 0.921823
1.05016 0.0310954 0.920838
1.05048 0.0180307 0.919664
1.0511 0.00485234 0.918358
1.05178 -0.00845445 0.916996
1.05226 -0.0218815 0.915658
1.05232 -0.0353912 0.91441
1.05184 -0.0489148 0.913286
1.05475 -0.0441004 0.925434
1.05761 -0.0392711 0.93757
1.05772 -0.0257842 0.938684
1.05733 -0.012376 0.939895
1.05665 0.000914606 0.941148
1.05593 0.01408 0.942369
1.05541 0.0271361 0.943487
1.05533 0.040112 0.944445
1.05581 0.0530417 0.945215
1.05687 0.0659588 0.945808
1.0584 0.0788953 0.946271
1.0602 0.0918794 0.946682
1.06205 0.104929 0.94713
1.06384 0.118039 0.94769
1.06563 0.131178 0.948398
1.06759 0.144294 0.949251
1.06992 0.157347 0.95022
1.07262 0.170333 0.951275
1.07553 0.183291 0.952394
1.07833 0.196282 0.953561
1.08072 0.209358 0.954754
1.08252 0.222536 0.955942
1.08369 0.2358 0.957101
1.08422 0.249114 0.958226
1.08414 0.262436 0.959345
1.08342 0.275723 0.960518
1.08204 0.288941 0.961818
1.08008 0.302062 0.9633
1.07783 0.315066 0.96497
1.07578 0.327938 0.966758
1.07462 0.340673 0.968521
1.07503 0.353304 0.970073
1.07739 0.366017 0.971217
1.08152 0.379374 0.971683
1.084 0.375343 0.994474
1.08006 0.362459 0.9943
1.07826 0.349783 0.993481
1.07865 0.337008 0.992083
1.08064 0.324173 0.990309
1.08336 0.311324 0.988417
1.08601 0.29843 0.986603
1.08807 0.285434 0.984969
1.08939 0.272302 0.983539
1.09 0.259033 0.982285
1.09002 0.245662 0.981141
1.08951 0.232246 0.980029
1.08845 0.218845 0.978883
1.08683 0.205507 0.977674
1.08469 0.192258 0.976412
1.08216 0.179097 0.975138
1.07944 0.166003 0.973906
1.07673 0.152944 0.97277
1.07418 0.139893 0.971771
1.07182 0.126842 0.970929
1.06961 0.113801 0.970228
1.06753 0.10078 0.969625
1.0656 0.0877882 0.969059
1.06394 0.0748234 0.968472
1.06267 0.0618795 0.967825
1.06189 0.0489468 0.967102
1.06161 0.0360093 0.966306
1.06176 0.0230425 0.965451
1.06221 0.0100136 0.964552
1.06275 -0.00311216 0.963626
1.06317 -0.0163586 0.962694
1.06329 -0.0297259 0.961779
1.06613 -0.025059 0.973858
1.06898 -0.0204718 0.985951
1.06902 -0.00729921 0.986351
1.06892 0.00575545 0.986748
1.0688 0.0187345 0.98723
1.06879 0.0316883 0.987874
1.06898 0.0446566 0.988711
1.06946 0.0576586 0.989705
1.07024 0.0706939 0.990765
1.07131 0.0837516 0.991778
1.07264 0.0968195 0.992668
1.0742 0.109888 0.99344
1.07602 0.122951 0.994199
1.07817 0.136004 0.995095
1.08069 0.149055 0.996233
1.08346 0.162127 0.997611
1.08625 0.175258 0.999114
1.08878 0.188489 1.00058
1.0908 0.201846 1.00189
1.09218 0.215326 1.00299
1.09295 0.228886 1.00391
1.09325 0.24244 1.00475
1.09326 0.255872 1.00563
1.09302 0.269081 1.00665
1.09241 0.282024 1.0078
1.09119 0.294743 1.00904
1.08934 0.307346 1.01034
1.08719 0.319958 1.01172
1.08553 0.332593 1.01315
1.08535 0.345002 1.01445
1.08727 0.356782 1.01539
1.09119 0.368072 1.01589
1.10047 0.363612 1.03811
1.09635 0.352476 1.03669
1.09381 0.340716 1.03525
1.093 0.328244 1.03399
1.0933 0.31565 1.03313
1.09386 0.303246 1.0326
1.09407 0.290963 1.03215
1.09382 0.278571 1.03158
1.0934 0.265862 1.03095
1.09319 0.252737 1.03039
1.09328 0.239244 1.02997
1.09341 0.225546 1.0296
1.0931 0.211841 1.02904
1.09197 0.19828 1.02806
1.08985 0.184931 1.02652
1.08694 0.171783 1.0245
1.0837 0.158766 1.02231
1.08076 0.145788 1.02039
1.07861 0.132764 1.01906
1.0774 0.119649 1.01832
1.07691 0.10645 1.01784
1.07674 0.0931977 1.01716
1.07661 0.0799305 1.01605
1.07643 0.0666832 1.01457
1.0762 0.0534898 1.013
1.07596 0.0403813 1.01167
1.07571 0.0273716 1.01079
1.0754 0.0144418 1.01042
1.07501 0.0015375 1.01045
1.07455 -0.0114166 1.01068
1.07726 -0.00634482 1.02521
1.07946 -0.000888376 1.0415
1.07915 -0.00182152 1.03866
1.08004 0.0126009 1.03849
1.0807 0.0271052 1.03903
1.08109 0.0417679 1.04044
1.08114 0.0565956 1.04247
1.08077 0.0715424 1.04457
1.07999 0.0848085 1.04542
1.07893 0.0980633 1.04558
1.07797 0.111245 1.04526
1.07774 0.124292 1.04501
1.07876 0.137168 1.04546
1.08114 0.149899 1.04682
1.0844 0.162576 1.04883
1.08778 0.17533 1.05091
1.09053 0.188284 1.05249
1.09222 0.201503 1.05333
1.09287 0.214971 1.05347
1.0928 0.228574 1.05319
1.09257 0.242119 1.05279
1.09257 0.242119 1.05279
1.0928 0.228642 1.05269
1.09288 0.215101 1.05247
1.09224 0.201686 1.05181
1.09055 0.188512 1.05046
1.08781 0.175594 1.04837
1.08442 0.162868 1.04578
1.08112 0.150214 1.04325
1.07869 0.137503 1.04137
1.07758 0.124647 1.0404
1.0777 0.111623 1.04011
1.07851 0.0984696 1.0399
1.07942 0.0852489 1.03921
1.08005 0.072022 1.03785
1.08034 0.0588394 1.03605
1.08033 0.0457459 1.03426
1.08009 0.032776 1.03288
1.07964 0.019937 1.03215
1.07901 0.00719504 1.03204
1.07824 -0.00552221 1.03238
1.07738 -0.0183026 1.03285
1.07648 -0.0312169 1.03319
1.07554 -0.0442926 1.03321
1.07452 -0.0575046 1.03284
1.07335 -0.0707914 1.03209
1.07198 -0.0840918 1.03098
1.07036 -0.0973888 1.02953
1.0685 -0.110737 1.0277
1.06644 -0.124243 1.02551
1.06425 -0.137965 1.02314
1.06191 -0.151714 1.0209
1.05918 -0.164853 1.01908
1.05546 -0.176378 1.01768
1.05012 -0.185536 1.01653
1.04297 -0.192569 1.0155
1.03447 -0.198999 1.01458
