0.217418 1.16363 0.1
0.609564 0.299775 0.1
0.62417 1.14403 0.1
0.573137 1.14649 0.1
0.558517 0.30146 0.1
0.50747 0.303144 0.1
0.522103 1.14895 0.1
0.47107 1.15141 0.1
0.456423 0.304829 0.1
0.405376 0.306514 0.1
0.420036 1.15386 0.1
0.369003 1.15632 0.1
0.354329 0.308198 0.1
0.303282 0.309883 0.1
0.317969 1.15878 0.1
0.266936 1.16124 0.1
0.252235 0.311568 0.1
0.201189 0.313252 0.1
0.215893 1.16316 0.1
0.164544 1.14739 0.1
0.150142 0.314937 0.1
0.0990947 0.316622 0.1
0.113195 1.13163 0.1
0.0618466 1.11586 0.1
0.0480479 0.318306 0.1
0.00722755 0.911077 0.1
0.0104978 1.10009 0.1
0.217418 1.16363 0.1
0.217418 1.16363 0.1
0.609564 0.299775 0.1
0.62417 1.14403 0.1
0.573137 1.14649 0.1
0.558517 0.30146 0.1
0.50747 0.303144 0.1
0.522103 1.14895 0.1
0.47107 1.15141 0.1
0.456423 0.304829 0.1
0.405376 0.306514 0.1
0.420036 1.15386 0.1
0.369003 1.15632 0.1
0.354329 0.308198 0.1
0.303282 0.309883 0.1
0.317969 1.15878 0.1
0.266936 1.16124 0.1
0.252235 0.311568 0.1
0.201189 0.313252 0.1
0.215893 1.16316 0.1
0.164544 1.14739 0.1
0.150142 0.314937 0.1
0.0990947 0.316622 0.1
0.113195 1.13163 0.1
0.0618466 1.11586 0.1
0.0480479 0.318306 0.1
0.00722755 0.911077 0.1
0.0104978 1.10009 0.1
0.217418 1.16363 0.1
