1.91428 -0.267033 -0.823989 -2.03438 1.36706 -0.75506
1.91429 -0.267045 -0.823954 -2.03442 1.36706 -0.755083
2.27497 -0.22378 -0.682435 -2.03429 1.36707 -0.755108
2.24714 0.0359946 -0.682519 -2.03417 1.36701 -0.755071
2.12225 0.0476961 -0.41762 -2.03392 1.36708 -0.755071
2.04434 0.182101 -0.198738 -2.03362 1.36701 -0.755012
2.04577 0.177762 -0.199025 -2.34758 1.36637 -0.755071
1.79245 -0.00865442 -0.199241 -2.75557 1.36677 -0.755048
1.68663 -0.233433 -0.198606 -2.73271 1.58592 -0.755048
1.67271 -0.51395 -0.158188 -2.7324 1.58607 -1.36592
1.99066 -0.514298 -0.158583 -2.54218 1.41076 -1.36593
2.23457 -0.360092 -0.157936 -2.26848 1.033 -1.36599
2.02199 -0.20981 -0.157684 -2.94708 1.26792 -1.97589
1.87542 -0.460771 -0.0976494 -2.1111 1.35894 -1.97594
2.10171 -1.12961 1.0829 -2.02453 1.35739 -1.97587
2.12684 -1.31753 1.22825 -2.01991 1.35818 -1.97588
2.03462 -1.54079 1.45886 -2.02023 1.35842 -1.97574
1.94006 -1.81377 1.83199 -2.08267 1.67723 -1.46048
2.03014 -1.91331 2.10353 -2.35196 1.31586 -1.46074
1.63631 -2.15775 2.37424 -2.35191 1.58174 -1.46082
1.77903 -2.10687 2.10519 -2.35158 1.58185 -1.21083
2.45132 -1.70245 1.82737 -1.84862 1.32799 -1.21327
2.41588 -1.49701 1.41233 -2.31028 0.833293 -1.21287
2.52123 -1.62392 1.36893 -2.54025 1.16366 -1.21287
2.57697 -1.95173 1.6434 -2.81801 0.963614 -1.21284
2.41249 -2.18763 2.00036 -2.67122 1.27655 -1.21331
2.15046 -2.43114 1.9503 -2.51996 0.996607 -1.21307
2.64378 -1.92392 1.95535 -2.53176 0.384953 -1.2132
2.69696 -2.00568 1.95664 -1.83634 1.52988 -1.21309
2.35785 -1.82299 1.91575 -1.76037 1.28422 -1.21309
2.16911 -1.33433 1.56992 -1.94563 1.28423 -1.21302
2.0327 -0.80906 1.07094 -2.27 1.392 -1.2132
2.00092 -0.729526 0.769714 -1.93034 1.01418 -0.939796
1.96677 -0.649142 0.770288 -2.32445 1.22941 -0.939413
1.52102 -0.564214 0.770241 -2.28776 1.34956 -0.939628
1.0344 -0.555795 0.769462 -2.35627 1.35022 -0.939677
1.09514 -0.769958 0.769977 -2.65523 1.52087 -0.939796
1.01844 -0.284709 0.769822 -2.88953 1.52174 -0.939796
1.14201 -0.885188 0.79132 -3.01786 1.60236 -0.940192
1.15367 -0.919277 0.866777 -2.65699 1.60158 -0.940168
0.971091 -1.1035 0.900099 -2.96224 1.60201 -1.26333
1.10671 -1.41417 1.65717 -2.50064 1.60209 -1.2634
1.12134 -0.648278 -0.130559 -2.66924 1.60193 -1.26348
1.3924 -0.755673 -0.625825 -2.59161 1.60183 -1.26294
1.49269 -0.81784 -1.4422 -1.52292 1.60183 -1.26294
1.4918 -0.57953 -1.65515 -1.21407 1.60182 -1.26291
1.47498 -0.356531 -1.78654 -1.17211 1.47528 -0.259917
1.47618 -0.630299 -2.27016 0.674037 1.47572 -0.259905
1.47612 -0.462751 -2.05251 0.748914 1.47549 -0.259881
1.44268 0.189606 -1.72931 -0.130225 1.47538 -0.259929
1.97047 0.181214 -1.87345 -0.133737 1.47522 -0.259857
2.53722 -0.0979336 -1.76957 -0.240543 1.58771 -0.259893
2.89346 -0.0960267 -1.89507 -0.242041 1.58819 -0.259917
2.08989 -0.0956672 -1.89469 -0.459656 1.58822 -0.259893
1.26662 -0.0761583 -1.86552 -0.165204 1.74655 1.1937
1.75608 -0.0759185 -1.40166 -0.323793 1.29926 1.19296
1.84683 0.010097 -1.04407 -1.19114 1.29978 0.827812
1.64714 0.164383 -1.04649 -1.54849 1.2996 0.661152
1.97985 -0.242295 -1.20539 -1.70498 1.29982 1.06794
1.95518 -0.555027 -1.7621 -0.998065 1.43472 1.06781
