0.874926 0.391178 0.49066
0.876258 0.391749 0.494956
0.87784 0.392244 0.499635
0.879708 0.392623 0.504743
0.881906 0.39284 0.510332
0.884486 0.392843 0.516459
0.887509 0.392572 0.523189
0.891046 0.391959 0.530591
0.89518 0.390927 0.53874
0.899998 0.38939 0.547711
0.905589 0.387259 0.55758
0.91203 0.384439 0.568415
0.91937 0.380841 0.580271
0.927595 0.376386 0.593183
0.936601 0.371018 0.607157
0.946163 0.364714 0.622161
0.95593 0.357501 0.63811
0.965458 0.34947 0.654848
0.974294 0.340783 0.672138
0.982079 0.331664 0.689662
0.988619 0.322348 0.707073
0.993891 0.313011 0.724073
0.997957 0.303701 0.740488
1.00085 0.294307 0.756311
1.00251 0.284614 0.771677
1.00282 0.274426 0.786767
1.00168 0.263698 0.801715
0.999163 0.2526 0.816535
0.99545 0.241492 0.831127
0.990855 0.230813 0.845321
0.985721 0.220978 0.858939
0.980364 0.212303 0.871835
0.975041 0.204981 0.883914
0.969939 0.199087 0.895134
0.965179 0.194608 0.905488
0.960832 0.191465 0.915001
0.956929 0.189536 0.923712
0.953474 0.188671 0.931671
0.950453 0.188707 0.938933
0.947844 0.189473 0.945551
0.945618 0.190793 0.95158
0.943745 0.192497 0.957072
0.945726 0.184857 0.951729
0.948066 0.177882 0.945819
0.950812 0.171749 0.939278
0.953999 0.166612 0.932046
0.957643 0.162599 0.924061
0.961738 0.159808 0.915271
0.966247 0.158302 0.905628
0.9711 0.158109 0.895093
0.976181 0.159211 0.883644
0.981325 0.161546 0.871275
0.986312 0.164995 0.858005
0.990865 0.169386 0.843877
0.994669 0.174497 0.828961
0.997398 0.180076 0.813346
0.998756 0.185878 0.797122
0.998528 0.191698 0.780372
0.996612 0.197404 0.763158
0.993031 0.202945 0.745528
0.987904 0.208315 0.727544
0.98142 0.213511 0.709314
0.973812 0.218478 0.691018
0.965358 0.223087 0.672908
0.95639 0.227147 0.655278
0.947279 0.230435 0.638426
0.938399 0.232747 0.622603
0.930087 0.233927 0.607994
0.922603 0.233886 0.594706
0.916115 0.232605 0.582771
0.910708 0.230128 0.572163
0.906397 0.226541 0.562812
0.903148 0.221964 0.554622
0.900892 0.216532 0.547481
0.899541 0.21039 0.541272
0.898996 0.20368 0.535878
0.899158 0.196542 0.531189
0.899924 0.189103 0.527103
0.901199 0.181485 0.523526
0.895115 0.196423 0.519373
0.889255 0.211871 0.515221
0.888202 0.220001 0.518584
0.887725 0.227884 0.522481
0.887916 0.235404 0.527007
0.888869 0.242436 0.532261
0.890676 0.248849 0.538354
0.893429 0.254511 0.545399
0.89721 0.259287 0.553513
0.902088 0.263048 0.562809
0.908103 0.26568 0.573388
0.915252 0.267094 0.585327
0.92346 0.267242 0.598664
0.932563 0.266132 0.613377
0.94229 0.263845 0.629371
0.952273 0.260532 0.646462
0.962087 0.256412 0.664387
0.971312 0.25173 0.682815
0.979598 0.246713 0.701403
0.986688 0.241516 0.71985
0.992392 0.236191 0.737946
0.996557 0.230696 0.755593
0.999054 0.22496 0.772776
0.999813 0.218962 0.789511
0.998878 0.212796 0.805789
0.996425 0.206686 0.821554
0.992748 0.200947 0.83671
0.988199 0.195919 0.851144
0.983137 0.191915 0.864751
0.977881 0.189177 0.877459
0.972687 0.187869 0.889227
0.967742 0.188071 0.900046
0.963168 0.189795 0.909936
0.959032 0.192989 0.918936
0.955355 0.197555 0.927101
0.952121 0.20335 0.934495
0.949289 0.210194 0.941189
0.946801 0.217885 0.947256
0.944588 0.226197 0.952774
0.945159 0.24405 0.950298
0.945577 0.262279 0.947725
0.948401 0.253977 0.941873
0.951386 0.246183 0.935517
0.954604 0.239149 0.928573
0.958126 0.233117 0.920956
0.962011 0.228309 0.912583
0.966294 0.224908 0.903379
0.970971 0.223052 0.893286
0.975982 0.22281 0.882265
0.981203 0.224171 0.870305
0.986433 0.227028 0.857434
0.99139 0.231166 0.843722
0.995729 0.236267 0.829276
0.99908 0.241944 0.814224
1.0011 0.247807 0.798681
1.00155 0.253546 0.782708
1.00032 0.259005 0.76629
0.997421 0.264198 0.749349
0.992933 0.269243 0.731802
0.986925 0.274266 0.713643
0.979467 0.279299 0.695001
0.970685 0.284242 0.676145
0.960836 0.288886 0.65744
0.950315 0.292964 0.639275
0.939606 0.296214 0.621995
0.929185 0.298426 0.605862
0.91944 0.29946 0.591047
0.910635 0.299254 0.577631
0.902915 0.297811 0.565624
0.89633 0.295183 0.55498
0.890867 0.291456 0.54562
0.886479 0.286735 0.537442
0.8831 0.281133 0.530337
0.880656 0.274765 0.524194
0.879071 0.267749 0.518903
0.878269 0.260196 0.514362
0.878174 0.252216 0.510476
0.878708 0.243915 0.507154
0.874297 0.260268 0.50338
0.870649 0.276655 0.499882
0.8709 0.284748 0.503358
0.871794 0.292458 0.507428
0.873384 0.299701 0.51217
0.875723 0.306388 0.517674
0.878869 0.312431 0.524033
0.882881 0.317736 0.531348
0.887824 0.322209 0.539721
0.893765 0.325755 0.549257
0.90076 0.328282 0.560052
0.908845 0.32971 0.572184
0.918 0.329987 0.585698
0.928115 0.329097 0.600592
0.93895 0.327085 0.616794
0.950117 0.324061 0.634152
0.961106 0.320208 0.652423
0.97137 0.315774 0.671271
0.980444 0.311037 0.690296
0.988046 0.306254 0.709085
0.994088 0.301599 0.7273
0.998598 0.297111 0.744745
1.00161 0.292695 0.761396
1.00312 0.288188 0.777359
1.0031 0.283473 0.792784
1.00157 0.27858 0.807781
0.998704 0.27372 0.822367
0.994767 0.269241 0.836474
0.990096 0.265533 0.849983
0.985023 0.26295 0.862774
0.979831 0.261744 0.874755
0.974726 0.262051 0.885877
0.969832 0.26389 0.896137
0.965204 0.267184 0.905568
0.960843 0.271782 0.914227
0.956713 0.277481 0.922194
0.952759 0.284049 0.929551
0.948929 0.291242 0.936383
0.945179 0.298825 0.942764
0.944067 0.316659 0.940613
0.942268 0.333975 0.938793
0.946934 0.327523 0.931807
0.951696 0.321412 0.924385
0.956544 0.315822 0.916481
0.961483 0.310951 0.908038
0.966526 0.306995 0.898993
0.971678 0.304128 0.889287
0.976916 0.302482 0.878874
0.982178 0.302116 0.867736
0.987336 0.302996 0.855889
0.992199 0.30498 0.84339
0.99652 0.307824 0.830327
1.00002 0.311219 0.816792
1.00247 0.314856 0.80285
1.00367 0.318509 0.78849
1.00357 0.322096 0.773611
1.00215 0.32568 0.758045
0.999384 0.329401 0.741628
0.99518 0.333375 0.72429
0.989387 0.33761 0.706121
0.981906 0.341983 0.687378
0.972821 0.346274 0.668434
0.962458 0.350225 0.649697
0.951341 0.353589 0.63154
0.940064 0.356168 0.614261
0.929151 0.357819 0.59808
0.918979 0.358459 0.583137
0.909757 0.358059 0.569504
0.901563 0.356636 0.557191
0.894386 0.354241 0.546162
0.888167 0.350943 0.53635
0.882835 0.346821 0.527664
0.878317 0.341953 0.520012
0.874553 0.336416 0.513295
0.871489 0.330281 0.507424
0.869086 0.323613 0.502313
0.86731 0.316477 0.497882
0.866129 0.308935 0.494061
0.865432 0.324552 0.491908
0.865813 0.339678 0.49036
0.867863 0.346457 0.494674
0.870407 0.352855 0.499601
0.873462 0.358828 0.505205
0.877053 0.364331 0.511559
0.88122 0.369313 0.518741
0.886016 0.373717 0.526838
0.891511 0.377479 0.535935
0.897791 0.380533 0.54612
0.904942 0.382811 0.557465
0.913039 0.384258 0.570019
0.922112 0.384837 0.583797
0.932102 0.384538 0.598762
0.942813 0.383392 0.614826
0.953875 0.381464 0.631845
0.964755 0.378855 0.649625
0.974842 0.3757 0.667916
0.983581 0.372176 0.686407
0.990617 0.368486 0.704749
0.995857 0.364837 0.722597
0.999429 0.361389 0.73968
1.00156 0.358214 0.755861
1.00244 0.355287 0.771147
1.00218 0.352524 0.785657
1.00084 0.349851 0.799555
0.998447 0.347277 0.812976
0.995099 0.34491 0.825993
0.990947 0.342939 0.838609
0.986175 0.341581 0.850783
0.980973 0.34102 0.862458
0.975504 0.341381 0.873589
0.969892 0.342711 0.884149
0.964227 0.344984 0.894137
0.95857 0.348121 0.903568
0.952968 0.35201 0.912464
0.947465 0.356523 0.920849
0.942108 0.361527 0.928743
0.93695 0.366898 0.936157
0.933794 0.382624 0.935207
0.93061 0.398003 0.934355
0.935675 0.393415 0.926844
0.941049 0.389225 0.918796
0.94667 0.38553 0.910211
0.952468 0.382417 0.901093
0.958369 0.379963 0.891448
0.964287 0.378223 0.881287
0.97013 0.377226 0.870624
0.97579 0.376963 0.859482
0.981145 0.377382 0.847892
0.986061 0.378386 0.835889
0.990401 0.379849 0.8235
0.994045 0.381638 0.810728
0.996898 0.383646 0.797536
0.99889 0.385813 0.783843
0.999953 0.388133 0.769536
0.999978 0.390625 0.754508
0.998782 0.393294 0.738703
0.99611 0.396093 0.722157
0.991712 0.398923 0.705011
0.985456 0.401643 0.687489
0.97743 0.404115 0.669853
0.96798 0.406222 0.65236
0.957648 0.407876 0.635235
0.947039 0.409007 0.618673
0.936689 0.409552 0.602845
0.926982 0.409453 0.587906
0.918131 0.408668 0.573975
0.910206 0.40718 0.561127
0.903182 0.405 0.549388
0.896982 0.402164 0.538741
0.891511 0.398721 0.529137
0.88667 0.394727 0.520508
0.882375 0.39024 0.512776
0.878557 0.385311 0.505861
0.875163 0.379986 0.499689
0.87216 0.374306 0.494187
0.869525 0.368304 0.489295
0.872709 0.382271 0.490172
0.876358 0.395843 0.491828
0.8792 0.401156 0.497397
0.882326 0.4062 0.503584
0.885779 0.410939 0.510453
0.889616 0.415329 0.518075
0.893908 0.419325 0.526518
0.898742 0.422878 0.535849
0.904213 0.425945 0.546125
0.910416 0.428489 0.55738
0.917435 0.430492 0.56962
0.925321 0.431956 0.58281
0.934051 0.432909 0.596866
0.943501 0.433402 0.611665
0.953399 0.433491 0.62706
0.963326 0.433219 0.6429
0.972746 0.432609 0.659048
0.981103 0.431659 0.675376
0.987934 0.430373 0.691752
0.99297 0.428776 0.708029
0.996166 0.426924 0.724051
0.997664 0.4249 0.739678
0.997708 0.422791 0.754809
0.996561 0.420669 0.769396
0.99444 0.418592 0.783444
0.991504 0.416606 0.796995
0.987864 0.414763 0.810099
0.983611 0.413132 0.822799
0.978836 0.411802 0.835115
0.973639 0.410871 0.847042
0.96813 0.41043 0.858558
0.962419 0.410557 0.869634
0.956618 0.411302 0.880233
0.95083 0.412684 0.890326
0.945148 0.414697 0.899886
0.939655 0.417306 0.908894
0.934422 0.420454 0.917339
0.929505 0.424066 0.925218
0.924947 0.428053 0.93254
0.922721 0.442762 0.931454
0.920965 0.4572 0.930233
0.92495 0.453811 0.923134
0.929293 0.450732 0.915486
0.933975 0.448053 0.907272
0.93896 0.445849 0.898482
0.944203 0.444177 0.889117
0.949643 0.443073 0.879185
0.955208 0.44255 0.868707
0.960816 0.44259 0.85771
0.966375 0.443154 0.846224
0.971788 0.444176 0.834287
0.976955 0.445571 0.821928
0.981772 0.447244 0.809177
0.98613 0.449091 0.796053
0.989902 0.45101 0.782569
0.992937 0.452899 0.76874
0.995042 0.45466 0.754587
0.995987 0.456199 0.740143
0.995523 0.457432 0.725459
0.993424 0.458298 0.710599
0.989552 0.458769 0.695631
0.983919 0.458858 0.680615
0.976718 0.458616 0.665601
0.968319 0.458114 0.650631
0.959201 0.457417 0.635759
0.949862 0.456557 0.62107
0.940738 0.455519 0.606685
0.932146 0.454251 0.592755
0.924275 0.452684 0.579431
0.917204 0.450754 0.566845
0.910932 0.448417 0.555085
0.905407 0.445653 0.544201
0.900552 0.442464 0.5342
0.89628 0.438872 0.525061
0.892504 0.434909 0.516741
0.889143 0.430612 0.509186
0.886126 0.426023 0.502335
0.890886 0.440605 0.509517
0.895632 0.454801 0.51817
0.899071 0.458559 0.526535
0.902995 0.461994 0.535657
0.907478 0.465088 0.54556
0.912589 0.467839 0.556248
0.918389 0.470263 0.567693
0.924914 0.472399 0.57983
0.932159 0.474306 0.592557
0.940058 0.476063 0.605739
0.948458 0.477746 0.619223
0.957108 0.479415 0.632864
0.965657 0.481087 0.64655
0.973693 0.482723 0.660215
0.980791 0.484237 0.673844
0.986588 0.485512 0.687455
0.990834 0.486426 0.701076
0.993423 0.486887 0.714726
0.994388 0.486841 0.728409
0.993865 0.486286 0.742104
0.992059 0.485271 0.755771
0.989195 0.483879 0.769355
0.985495 0.482223 0.782794
0.981157 0.480431 0.796023
0.976349 0.478633 0.808978
0.971218 0.476957 0.821599
0.965885 0.47552 0.833829
0.960456 0.47442 0.845619
0.955024 0.473737 0.856924
0.94967 0.473527 0.867708
0.944463 0.473818 0.877944
0.939461 0.474617 0.887613
0.934711 0.475903 0.896709
0.930248 0.477637 0.905232
0.926097 0.479761 0.913195
0.922273 0.482203 0.920615
0.918781 0.484882 0.927516
0.922195 0.483347 0.920511
0.925904 0.482102 0.91301
0.929899 0.48122 0.904991
0.934167 0.480759 0.89644
0.938684 0.480765 0.887349
0.943422 0.481268 0.877717
0.948344 0.482275 0.867553
0.953403 0.483773 0.856873
0.958547 0.485726 0.845702
0.96371 0.488073 0.834079
0.968818 0.490731 0.822051
0.973781 0.493596 0.809676
0.97849 0.496545 0.797025
0.982817 0.499443 0.784179
0.986612 0.502149 0.771227
0.989703 0.504525 0.75826
0.991907 0.506449 0.745368
0.993042 0.507828 0.732623
0.992951 0.508609 0.720077
0.991523 0.508789 0.707754
0.988717 0.508416 0.695642
0.984584 0.507581 0.683707
0.979267 0.506407 0.671891
0.972991 0.505028 0.660135
0.965566 0.502557 0.647555
0.957662 0.500163 0.634856
0.949629 0.497895 0.622079
0.941767 0.495744 0.609315
0.934302 0.493659 0.596697
0.927386 0.491562 0.584371
0.921098 0.489368 0.572477
0.915461 0.487003 0.561131
0.910463 0.48441 0.550419
0.906066 0.481552 0.540391
0.907496 0.478566 0.544092
0.909167 0.475573 0.548195
0.911108 0.472548 0.552722
0.913352 0.469467 0.557694
0.915938 0.466299 0.563136
0.918907 0.463011 0.569075
0.9223 0.459567 0.575537
0.92616 0.455926 0.582548
0.930526 0.452041 0.590134
0.935423 0.447861 0.598322
0.940858 0.443327 0.607137
0.946803 0.438374 0.616605
0.953187 0.432929 0.62675
0.95988 0.426916 0.637597
0.966694 0.420262 0.649162
0.97339 0.412911 0.66144
0.979706 0.404843 0.674384
0.985403 0.396092 0.687892
0.99031 0.38676 0.70179
0.994357 0.377007 0.715849
0.997577 0.367017 0.729822
1.00007 0.356941 0.743497
1.00192 0.346843 0.756752
1.00315 0.336666 0.769589
1.00368 0.326253 0.782118
1.00336 0.315415 0.794508
1.00204 0.304039 0.806909
0.999666 0.292159 0.819394
0.996306 0.279982 0.831929
0.992139 0.267838 0.844391
0.987416 0.256105 0.856613
0.982398 0.245124 0.86843
0.977319 0.235154 0.879705
0.972365 0.226352 0.890348
0.967668 0.218778 0.900311
0.96331 0.212416 0.90958
0.95934 0.207192 0.918164
0.955775 0.202997 0.926089
0.952617 0.199698 0.933386
0.949855 0.197147 0.940095
0.947469 0.195197 0.946254
0.945439 0.193695 0.9519
0.943745 0.192497 0.957072
0.942518 0.189217 0.961518
0.941586 0.185996 0.965583
0.940938 0.182736 0.969284
0.940566 0.179353 0.972639
0.940462 0.175776 0.975662
0.940623 0.171949 0.978365
0.941048 0.167835 0.980757
0.940998 0.167891 0.977894
0.941194 0.167571 0.974705
0.941645 0.166954 0.971165
0.942365 0.166135 0.967249
0.94337 0.165226 0.962924
0.944679 0.164346 0.958156
0.946314 0.163631 0.952905
0.948297 0.163222 0.94713
0.950653 0.163269 0.940784
0.953404 0.163922 0.933818
0.956568 0.165338 0.926183
0.960157 0.167666 0.917828
0.96417 0.171051 0.908706
0.968582 0.175621 0.898772
0.973342 0.181477 0.887997
0.978355 0.188676 0.876368
0.983472 0.197209 0.863902
0.988482 0.206975 0.850656
0.993113 0.217763 0.836736
0.997048 0.229247 0.822293
0.999969 0.241021 0.807499
1.00162 0.252682 0.792508
1.00186 0.263929 0.777395
1.0007 0.274648 0.762126
0.998243 0.28492 0.746573
0.994606 0.294936 0.730588
0.989831 0.304871 0.714095
0.983894 0.314784 0.697154
0.976784 0.324593 0.679971
0.968599 0.334111 0.662848
0.959591 0.343113 0.646103
0.950137 0.3514 0.630012
0.940661 0.358834 0.614773
0.931542 0.365344 0.600511
0.923063 0.370922 0.587282
0.915389 0.375603 0.5751
0.908583 0.379453 0.56394
0.902637 0.382559 0.553757
0.897494 0.385014 0.544487
0.893077 0.386912 0.53606
0.8893 0.388342 0.528401
0.886081 0.389389 0.521436
0.883346 0.390125 0.515095
0.881029 0.390617 0.509311
0.879072 0.390921 0.504027
0.877429 0.391088 0.499187
0.876058 0.391162 0.494746
0.874926 0.391178 0.49066
0.876258 0.391749 0.494956
0.87784 0.392244 0.499635
0.879708 0.392623 0.504743
0.881906 0.39284 0.510332
0.884486 0.392843 0.516459
0.887509 0.392572 0.523189
0.891046 0.391959 0.530591
0.89518 0.390927 0.53874
0.899998 0.38939 0.547711
0.905589 0.387259 0.55758
0.91203 0.384439 0.568415
0.91937 0.380841 0.580271
0.927595 0.376386 0.593183
0.936601 0.371018 0.607157
0.946163 0.364714 0.622161
0.95593 0.357501 0.63811
0.965458 0.34947 0.654848
0.974294 0.340783 0.672138
0.982079 0.331664 0.689662
0.988619 0.322348 0.707073
0.993891 0.313011 0.724073
0.997957 0.303701 0.740488
1.00085 0.294307 0.756311
1.00251 0.284614 0.771677
1.00282 0.274426 0.786767
1.00168 0.263698 0.801715
0.999163 0.2526 0.816535
0.99545 0.241492 0.831127
0.990855 0.230813 0.845321
0.985721 0.220978 0.858939
0.980364 0.212303 0.871835
0.975041 0.204981 0.883914
0.969939 0.199087 0.895134
0.965179 0.194608 0.905488
0.960832 0.191465 0.915001
0.956929 0.189536 0.923712
0.953474 0.188671 0.931671
0.950453 0.188707 0.938933
0.947844 0.189473 0.945551
0.945618 0.190793 0.95158
0.943745 0.192497 0.957072
0.945726 0.184857 0.951729
0.948066 0.177882 0.945819
0.950812 0.171749 0.939278
0.953999 0.166612 0.932046
0.957643 0.162599 0.924061
0.961738 0.159808 0.915271
0.966247 0.158302 0.905628
0.9711 0.158109 0.895093
0.976181 0.159211 0.883644
0.981325 0.161546 0.871275
0.986312 0.164995 0.858005
0.990865 0.169386 0.843877
0.994669 0.174497 0.828961
0.997398 0.180076 0.813346
0.998756 0.185878 0.797122
0.998528 0.191698 0.780372
0.996612 0.197404 0.763158
0.993031 0.202945 0.745528
0.987904 0.208315 0.727544
0.98142 0.213511 0.709314
0.973812 0.218478 0.691018
0.965358 0.223087 0.672908
0.95639 0.227147 0.655278
0.947279 0.230435 0.638426
0.938399 0.232747 0.622603
0.930087 0.233927 0.607994
0.922603 0.233886 0.594706
0.916115 0.232605 0.582771
0.910708 0.230128 0.572163
0.906397 0.226541 0.562812
0.903148 0.221964 0.554622
0.900892 0.216532 0.547481
0.899541 0.21039 0.541272
0.898996 0.20368 0.535878
0.899158 0.196542 0.531189
0.899924 0.189103 0.527103
0.901199 0.181485 0.523526
0.895115 0.196423 0.519373
0.889255 0.211871 0.515221
0.888202 0.220001 0.518584
0.887725 0.227884 0.522481
0.887916 0.235404 0.527007
0.888869 0.242436 0.532261
0.890676 0.248849 0.538354
0.893429 0.254511 0.545399
0.89721 0.259287 0.553513
0.902088 0.263048 0.562809
0.908103 0.26568 0.573388
0.915252 0.267094 0.585327
0.92346 0.267242 0.598664
0.932563 0.266132 0.613377
0.94229 0.263845 0.629371
0.952273 0.260532 0.646462
0.962087 0.256412 0.664387
0.971312 0.25173 0.682815
0.979598 0.246713 0.701403
0.986688 0.241516 0.71985
0.992392 0.236191 0.737946
0.996557 0.230696 0.755593
0.999054 0.22496 0.772776
0.999813 0.218962 0.789511
0.998878 0.212796 0.805789
0.996425 0.206686 0.821554
0.992748 0.200947 0.83671
0.988199 0.195919 0.851144
0.983137 0.191915 0.864751
0.977881 0.189177 0.877459
0.972687 0.187869 0.889227
0.967742 0.188071 0.900046
0.963168 0.189795 0.909936
0.959032 0.192989 0.918936
0.955355 0.197555 0.927101
0.952121 0.20335 0.934495
0.949289 0.210194 0.941189
0.946801 0.217885 0.947256
0.944588 0.226197 0.952774
0.945159 0.24405 0.950298
0.945577 0.262279 0.947725
0.948401 0.253977 0.941873
0.951386 0.246183 0.935517
0.954604 0.239149 0.928573
0.958126 0.233117 0.920956
0.962011 0.228309 0.912583
0.966294 0.224908 0.903379
0.970971 0.223052 0.893286
0.975982 0.22281 0.882265
0.981203 0.224171 0.870305
0.986433 0.227028 0.857434
0.99139 0.231166 0.843722
0.995729 0.236267 0.829276
0.99908 0.241944 0.814224
1.0011 0.247807 0.798681
1.00155 0.253546 0.782708
1.00032 0.259005 0.76629
0.997421 0.264198 0.749349
0.992933 0.269243 0.731802
0.986925 0.274266 0.713643
0.979467 0.279299 0.695001
0.970685 0.284242 0.676145
0.960836 0.288886 0.65744
0.950315 0.292964 0.639275
0.939606 0.296214 0.621995
0.929185 0.298426 0.605862
0.91944 0.29946 0.591047
0.910635 0.299254 0.577631
0.902915 0.297811 0.565624
0.89633 0.295183 0.55498
0.890867 0.291456 0.54562
0.886479 0.286735 0.537442
0.8831 0.281133 0.530337
0.880656 0.274765 0.524194
0.879071 0.267749 0.518903
0.878269 0.260196 0.514362
0.878174 0.252216 0.510476
0.878708 0.243915 0.507154
0.874297 0.260268 0.50338
0.870649 0.276655 0.499882
0.8709 0.284748 0.503358
0.871794 0.292458 0.507428
0.873384 0.299701 0.51217
0.875723 0.306388 0.517674
0.878869 0.312431 0.524033
0.882881 0.317736 0.531348
0.887824 0.322209 0.539721
0.893765 0.325755 0.549257
0.90076 0.328282 0.560052
0.908845 0.32971 0.572184
0.918 0.329987 0.585698
0.928115 0.329097 0.600592
0.93895 0.327085 0.616794
0.950117 0.324061 0.634152
0.961106 0.320208 0.652423
0.97137 0.315774 0.671271
0.980444 0.311037 0.690296
0.988046 0.306254 0.709085
0.994088 0.301599 0.7273
0.998598 0.297111 0.744745
1.00161 0.292695 0.761396
1.00312 0.288188 0.777359
1.0031 0.283473 0.792784
1.00157 0.27858 0.807781
0.998704 0.27372 0.822367
0.994767 0.269241 0.836474
0.990096 0.265533 0.849983
0.985023 0.26295 0.862774
0.979831 0.261744 0.874755
0.974726 0.262051 0.885877
0.969832 0.26389 0.896137
0.965204 0.267184 0.905568
0.960843 0.271782 0.914227
0.956713 0.277481 0.922194
0.952759 0.284049 0.929551
0.948929 0.291242 0.936383
0.945179 0.298825 0.942764
0.944067 0.316659 0.940613
0.942268 0.333975 0.938793
0.946934 0.327523 0.931807
0.951696 0.321412 0.924385
0.956544 0.315822 0.916481
0.961483 0.310951 0.908038
0.966526 0.306995 0.898993
0.971678 0.304128 0.889287
0.976916 0.302482 0.878874
0.982178 0.302116 0.867736
0.987336 0.302996 0.855889
0.992199 0.30498 0.84339
0.99652 0.307824 0.830327
1.00002 0.311219 0.816792
1.00247 0.314856 0.80285
1.00367 0.318509 0.78849
1.00357 0.322096 0.773611
1.00215 0.32568 0.758045
0.999384 0.329401 0.741628
0.99518 0.333375 0.72429
0.989387 0.33761 0.706121
0.981906 0.341983 0.687378
0.972821 0.346274 0.668434
0.962458 0.350225 0.649697
0.951341 0.353589 0.63154
0.940064 0.356168 0.614261
0.929151 0.357819 0.59808
0.918979 0.358459 0.583137
0.909757 0.358059 0.569504
0.901563 0.356636 0.557191
0.894386 0.354241 0.546162
0.888167 0.350943 0.53635
0.882835 0.346821 0.527664
0.878317 0.341953 0.520012
0.874553 0.336416 0.513295
0.871489 0.330281 0.507424
0.869086 0.323613 0.502313
0.86731 0.316477 0.497882
0.866129 0.308935 0.494061
0.865432 0.324552 0.491908
0.865813 0.339678 0.49036
0.867863 0.346457 0.494674
0.870407 0.352855 0.499601
0.873462 0.358828 0.505205
0.877053 0.364331 0.511559
0.88122 0.369313 0.518741
0.886016 0.373717 0.526838
0.891511 0.377479 0.535935
0.897791 0.380533 0.54612
0.904942 0.382811 0.557465
0.913039 0.384258 0.570019
0.922112 0.384837 0.583797
0.932102 0.384538 0.598762
0.942813 0.383392 0.614826
0.953875 0.381464 0.631845
0.964755 0.378855 0.649625
0.974842 0.3757 0.667916
0.983581 0.372176 0.686407
0.990617 0.368486 0.704749
0.995857 0.364837 0.722597
0.999429 0.361389 0.73968
1.00156 0.358214 0.755861
1.00244 0.355287 0.771147
1.00218 0.352524 0.785657
1.00084 0.349851 0.799555
0.998447 0.347277 0.812976
0.995099 0.34491 0.825993
0.990947 0.342939 0.838609
0.986175 0.341581 0.850783
0.980973 0.34102 0.862458
0.975504 0.341381 0.873589
0.969892 0.342711 0.884149
0.964227 0.344984 0.894137
0.95857 0.348121 0.903568
0.952968 0.35201 0.912464
0.947465 0.356523 0.920849
0.942108 0.361527 0.928743
0.93695 0.366898 0.936157
0.933794 0.382624 0.935207
0.93061 0.398003 0.934355
0.935675 0.393415 0.926844
0.941049 0.389225 0.918796
0.94667 0.38553 0.910211
0.952468 0.382417 0.901093
0.958369 0.379963 0.891448
0.964287 0.378223 0.881287
0.97013 0.377226 0.870624
0.97579 0.376963 0.859482
0.981145 0.377382 0.847892
0.986061 0.378386 0.835889
0.990401 0.379849 0.8235
0.994045 0.381638 0.810728
0.996898 0.383646 0.797536
0.99889 0.385813 0.783843
0.999953 0.388133 0.769536
0.999978 0.390625 0.754508
0.998782 0.393294 0.738703
0.99611 0.396093 0.722157
0.991712 0.398923 0.705011
0.985456 0.401643 0.687489
0.97743 0.404115 0.669853
0.96798 0.406222 0.65236
0.957648 0.407876 0.635235
0.947039 0.409007 0.618673
0.936689 0.409552 0.602845
0.926982 0.409453 0.587906
0.918131 0.408668 0.573975
0.910206 0.40718 0.561127
0.903182 0.405 0.549388
0.896982 0.402164 0.538741
0.891511 0.398721 0.529137
0.88667 0.394727 0.520508
0.882375 0.39024 0.512776
0.878557 0.385311 0.505861
0.875163 0.379986 0.499689
0.87216 0.374306 0.494187
0.869525 0.368304 0.489295
0.872709 0.382271 0.490172
0.876358 0.395843 0.491828
0.8792 0.401156 0.497397
0.882326 0.4062 0.503584
0.885779 0.410939 0.510453
0.889616 0.415329 0.518075
0.893908 0.419325 0.526518
0.898742 0.422878 0.535849
0.904213 0.425945 0.546125
0.910416 0.428489 0.55738
0.917435 0.430492 0.56962
0.925321 0.431956 0.58281
0.934051 0.432909 0.596866
0.943501 0.433402 0.611665
0.953399 0.433491 0.62706
0.963326 0.433219 0.6429
0.972746 0.432609 0.659048
0.981103 0.431659 0.675376
0.987934 0.430373 0.691752
0.99297 0.428776 0.708029
0.996166 0.426924 0.724051
0.997664 0.4249 0.739678
0.997708 0.422791 0.754809
0.996561 0.420669 0.769396
0.99444 0.418592 0.783444
0.991504 0.416606 0.796995
0.987864 0.414763 0.810099
0.983611 0.413132 0.822799
0.978836 0.411802 0.835115
0.973639 0.410871 0.847042
0.96813 0.41043 0.858558
0.962419 0.410557 0.869634
0.956618 0.411302 0.880233
0.95083 0.412684 0.890326
0.945148 0.414697 0.899886
0.939655 0.417306 0.908894
0.934422 0.420454 0.917339
0.929505 0.424066 0.925218
0.924947 0.428053 0.93254
0.922721 0.442762 0.931454
0.920965 0.4572 0.930233
0.92495 0.453811 0.923134
0.929293 0.450732 0.915486
0.933975 0.448053 0.907272
0.93896 0.445849 0.898482
0.944203 0.444177 0.889117
0.949643 0.443073 0.879185
0.955208 0.44255 0.868707
0.960816 0.44259 0.85771
0.966375 0.443154 0.846224
0.971788 0.444176 0.834287
0.976955 0.445571 0.821928
0.981772 0.447244 0.809177
0.98613 0.449091 0.796053
0.989902 0.45101 0.782569
0.992937 0.452899 0.76874
0.995042 0.45466 0.754587
0.995987 0.456199 0.740143
0.995523 0.457432 0.725459
0.993424 0.458298 0.710599
0.989552 0.458769 0.695631
0.983919 0.458858 0.680615
0.976718 0.458616 0.665601
0.968319 0.458114 0.650631
0.959201 0.457417 0.635759
0.949862 0.456557 0.62107
0.940738 0.455519 0.606685
0.932146 0.454251 0.592755
0.924275 0.452684 0.579431
0.917204 0.450754 0.566845
0.910932 0.448417 0.555085
0.905407 0.445653 0.544201
0.900552 0.442464 0.5342
0.89628 0.438872 0.525061
0.892504 0.434909 0.516741
0.889143 0.430612 0.509186
0.886126 0.426023 0.502335
0.890886 0.440605 0.509517
0.895632 0.454801 0.51817
0.899071 0.458559 0.526535
0.902995 0.461994 0.535657
0.907478 0.465088 0.54556
0.912589 0.467839 0.556248
0.918389 0.470263 0.567693
0.924914 0.472399 0.57983
0.932159 0.474306 0.592557
0.940058 0.476063 0.605739
0.948458 0.477746 0.619223
0.957108 0.479415 0.632864
0.965657 0.481087 0.64655
0.973693 0.482723 0.660215
0.980791 0.484237 0.673844
0.986588 0.485512 0.687455
0.990834 0.486426 0.701076
0.993423 0.486887 0.714726
0.994388 0.486841 0.728409
0.993865 0.486286 0.742104
0.992059 0.485271 0.755771
0.989195 0.483879 0.769355
0.985495 0.482223 0.782794
0.981157 0.480431 0.796023
0.976349 0.478633 0.808978
0.971218 0.476957 0.821599
0.965885 0.47552 0.833829
0.960456 0.47442 0.845619
0.955024 0.473737 0.856924
0.94967 0.473527 0.867708
0.944463 0.473818 0.877944
0.939461 0.474617 0.887613
0.934711 0.475903 0.896709
0.930248 0.477637 0.905232
0.926097 0.479761 0.913195
0.922273 0.482203 0.920615
0.918781 0.484882 0.927516
0.922195 0.483347 0.920511
0.925904 0.482102 0.91301
0.929899 0.48122 0.904991
0.934167 0.480759 0.89644
0.938684 0.480765 0.887349
0.943422 0.481268 0.877717
0.948344 0.482275 0.867553
0.953403 0.483773 0.856873
0.958547 0.485726 0.845702
0.96371 0.488073 0.834079
0.968818 0.490731 0.822051
0.973781 0.493596 0.809676
0.97849 0.496545 0.797025
0.982817 0.499443 0.784179
0.986612 0.502149 0.771227
0.989703 0.504525 0.75826
0.991907 0.506449 0.745368
0.993042 0.507828 0.732623
0.992951 0.508609 0.720077
0.991523 0.508789 0.707754
0.988717 0.508416 0.695642
0.984584 0.507581 0.683707
0.979267 0.506407 0.671891
0.972991 0.505028 0.660135
0.965566 0.502557 0.647555
0.957662 0.500163 0.634856
0.949629 0.497895 0.622079
0.941767 0.495744 0.609315
0.934302 0.493659 0.596697
0.927386 0.491562 0.584371
0.921098 0.489368 0.572477
0.915461 0.487003 0.561131
0.910463 0.48441 0.550419
0.906066 0.481552 0.540391
0.907496 0.478566 0.544092
0.909167 0.475573 0.548195
0.911108 0.472548 0.552722
0.913352 0.469467 0.557694
0.915938 0.466299 0.563136
0.918907 0.463011 0.569075
0.9223 0.459567 0.575537
0.92616 0.455926 0.582548
0.930526 0.452041 0.590134
0.935423 0.447861 0.598322
0.940858 0.443327 0.607137
0.946803 0.438374 0.616605
0.953187 0.432929 0.62675
0.95988 0.426916 0.637597
0.966694 0.420262 0.649162
0.97339 0.412911 0.66144
0.979706 0.404843 0.674384
0.985403 0.396092 0.687892
0.99031 0.38676 0.70179
0.994357 0.377007 0.715849
0.997577 0.367017 0.729822
1.00007 0.356941 0.743497
1.00192 0.346843 0.756752
1.00315 0.336666 0.769589
1.00368 0.326253 0.782118
1.00336 0.315415 0.794508
1.00204 0.304039 0.806909
0.999666 0.292159 0.819394
0.996306 0.279982 0.831929
0.992139 0.267838 0.844391
0.987416 0.256105 0.856613
0.982398 0.245124 0.86843
0.977319 0.235154 0.879705
0.972365 0.226352 0.890348
0.967668 0.218778 0.900311
0.96331 0.212416 0.90958
0.95934 0.207192 0.918164
0.955775 0.202997 0.926089
0.952617 0.199698 0.933386
0.949855 0.197147 0.940095
0.947469 0.195197 0.946254
0.945439 0.193695 0.9519
0.943745 0.192497 0.957072
0.942518 0.189217 0.961518
0.941586 0.185996 0.965583
0.940938 0.182736 0.969284
0.940566 0.179353 0.972639
0.940462 0.175776 0.975662
0.940623 0.171949 0.978365
0.941048 0.167835 0.980757
