2.110954656612533120e-01	1.213988858932716131e+00 0.1
-3.798253433874670959e-02	1.205814858932716005e+00 0.1
-4.767853433874669894e-02	1.134533858932716077e+00 0.1
-7.420353433874668503e-02	9.103598589327159818e-01 0.1
-7.702553433874667621e-02	8.053658589327159500e-01 0.1
-6.909253433874666672e-02	5.338868589327160352e-01 0.1
-6.427853433874666789e-02	4.822688589327159825e-01 0.1
-2.996853433874665379e-02	2.774418589327160012e-01 0.1
-2.876153433874665405e-02	2.708138589327160339e-01 0.1
6.485594656612534425e-01	2.477828589327160103e-01 0.1
6.586774656612535139e-01	2.481268589327160212e-01 0.1
6.626904656612533362e-01	2.555408589327160529e-01 0.1
6.716894656612533154e-01	3.127978589327160552e-01 0.1
6.742114656612532286e-01	3.290288589327160507e-01 0.1
6.937784656612533407e-01	4.885148589327159563e-01 0.1
6.995514656612533688e-01	5.404848589327160280e-01 0.1
7.069104656612532622e-01	6.093598589327160475e-01 0.1
7.031234656612532774e-01	1.106149858932716112e+00 0.1
6.750014656612532971e-01	1.191638858932716039e+00 0.1
6.437924656612532548e-01	1.196089858932716021e+00 0.1