1.12239 0.0995171 0.663884 -0.49146 0.745976 0.0302087 0.448412
1.12716 0.108134 0.674724 -0.480371 0.724224 0.0285029 0.493894
1.13011 0.116644 0.686406 -0.486237 0.691525 0.0226832 0.533715
1.13133 0.125127 0.698843 -0.504166 0.651505 0.0151682 0.566681
1.13106 0.133589 0.711889 -0.527706 0.607746 0.00713402 0.593397
1.12956 0.141933 0.725365 -0.552104 0.562952 -0.00083936 0.615033
1.12699 0.149963 0.739123 -0.576064 0.517943 -0.00771633 0.632318
1.12321 0.157437 0.753071 -0.600285 0.47182 -0.0120505 0.645677
1.12595 0.158257 0.769762 -0.586027 0.470563 -0.006665 0.65962
1.12705 0.158631 0.786557 -0.574046 0.464671 -0.00415953 0.674192
1.12659 0.158803 0.802954 -0.562458 0.453457 -0.00602581 0.691362
1.12451 0.158916 0.818586 -0.550283 0.436143 -0.0111437 0.711929
1.12064 0.158959 0.833288 -0.537265 0.412987 -0.0168484 0.73519
1.12826 0.150267 0.845273 -0.484555 0.440837 -0.0199007 0.755297
1.1342 0.141268 0.85696 -0.434186 0.461457 -0.0191432 0.773417
1.13817 0.1319 0.868476 -0.386805 0.476404 -0.0150659 0.789426
1.14004 0.122115 0.87993 -0.342439 0.485421 -0.00899418 0.804376
1.13979 0.111874 0.891402 -0.301029 0.487428 -0.00211786 0.819628
1.13754 0.101154 0.902934 -0.262646 0.481298 0.00474289 0.836269
1.13348 0.0899798 0.914515 -0.227513 0.466373 0.0109775 0.854759
1.1279 0.0784566 0.926075 -0.196055 0.442987 0.0159916 0.874682
1.12111 0.0667685 0.93749 -0.168856 0.412796 0.0193517 0.894825
1.11335 0.055133 0.948607 -0.14602 0.378185 0.0214272 0.91389
1.12788 0.0552238 0.934737 -0.133903 0.438081 0.0173226 0.888738
1.14129 0.0553274 0.920208 -0.123721 0.484931 0.0125914 0.865665
1.15304 0.0551244 0.905297 -0.115216 0.517133 0.00598149 0.848093
1.16273 0.0544094 0.890285 -0.105274 0.534197 -0.00180701 0.838777
1.17078 0.0533384 0.875414 -0.0933528 0.541202 -0.00792119 0.835657
1.17834 0.0523006 0.860757 -0.0845972 0.550279 -0.00905087 0.830635
1.18629 0.0514912 0.846063 -0.0848238 0.571536 -0.00519809 0.816164
1.19349 0.0505521 0.830908 -0.0920882 0.600617 -0.00263311 0.794212
1.19717 0.0489923 0.815128 -0.0987254 0.624106 -0.00735358 0.775042
1.19697 0.0471151 0.798746 -0.104689 0.641607 -0.0156234 0.759695
1.19547 0.0456694 0.781781 -0.121063 0.670709 -0.0181451 0.731549
1.19377 0.0447887 0.764524 -0.154475 0.718815 -0.00949873 0.677755
1.19076 0.0440038 0.747333 -0.198043 0.767091 0.0045628 0.610189
1.18577 0.0430867 0.730417 -0.242128 0.796854 0.010341 0.553435
1.17903 0.0422911 0.713994 -0.279993 0.809558 0.00264554 0.515959
1.17089 0.0419894 0.698381 -0.303711 0.818909 -0.0093352 0.486889
1.16132 0.0422997 0.683886 -0.307689 0.835532 -0.0136216 0.455004
1.15009 0.0429617 0.670607 -0.299728 0.857776 -0.00716707 0.41753
1.13714 0.0434594 0.658405 -0.30009 0.875523 0.00152344 0.378686
1.12257 0.0432688 0.64707 -0.318631 0.883647 0.000861864 0.342988
1.1269 0.0267626 0.647385 -0.18658 0.92112 -0.00839221 0.341548
1.13025 0.00997759 0.647433 -0.0400643 0.938972 -0.0134224 0.341387
1.13207 -0.00688193 0.647639 0.0985306 0.933449 -0.0139915 0.344629
1.13182 -0.0236442 0.648449 0.214503 0.910567 -0.00993383 0.353209
1.12927 -0.0402413 0.650014 0.31172 0.877945 -0.0029057 0.363366
1.12452 -0.0566903 0.652167 0.405613 0.836374 0.00168116 0.36872
1.11774 -0.0729782 0.654703 0.506148 0.779682 -0.00167778 0.368657
