9.776319358955275485e-01	-1.609233683990781150e-01	6.004156646903765493e-01
9.831776821663548160e-01	-1.517352124917620004e-01	5.994384877498506459e-01
9.867675564226807694e-01	-1.414022669761947626e-01	5.989115114911924831e-01
9.888070756786833115e-01	-1.299413850033526996e-01	5.993068652260448159e-01
9.900510533421402748e-01	-1.178167986929274658e-01	6.007096090080268347e-01
9.911506318063101340e-01	-1.054685087992147524e-01	6.028398545492389404e-01
9.925453247313680283e-01	-9.306392276921200690e-02	6.050920148683334165e-01
9.946210647238756808e-01	-8.055137892376704190e-02	6.066502398305507748e-01
9.975498142323062645e-01	-6.781859897168611429e-02	6.069607684572895234e-01
1.000901227264028748e+00	-5.482905607245652096e-02	6.062614246928138551e-01
1.003778117400227821e+00	-4.166977288934303053e-02	6.054505307857520613e-01
1.005551928011075624e+00	-2.849380510535780286e-02	6.053376110523395193e-01
1.006381201610547560e+00	-1.542571599393778928e-02	6.060826735916033936e-01
1.007024528024222709e+00	-2.504709046822886209e-03	6.072804808455030123e-01
1.008258254082009975e+00	1.031526091384710013e-02	6.083867639787039483e-01
1.010403241412116015e+00	2.312813853817560425e-02	6.090667099319957423e-01
1.013185635760448511e+00	3.602561380409504549e-02	6.093245832030368403e-01
1.015966795895965058e+00	4.904974658357715012e-02	6.094374211894535431e-01
1.018189458426542737e+00	6.217219594276444938e-02	6.097974735465545582e-01
1.019634643459529588e+00	7.533162536380703933e-02	6.107551347710346024e-01
1.020310854927939381e+00	8.850826543299104843e-02	6.124224307012611224e-01
1.020282924414800618e+00	1.017451503090199966e-01	6.144931777418207730e-01
1.019657943669802780e+00	1.150770801233812757e-01	6.163912742758447250e-01
1.018558479264095151e+00	1.284662918875981441e-01	6.178004666747480833e-01
1.017071707917219348e+00	1.418441910776750969e-01	6.189861018095941247e-01
1.015398170070424655e+00	1.551976379898694913e-01	6.204200067507925631e-01
1.014002339188186941e+00	1.685749580820868898e-01	6.221927207101977109e-01
1.013411122654969576e+00	1.820064871299611475e-01	6.239757723217995711e-01
1.013823105896288990e+00	1.954488780211569021e-01	6.254619895602478996e-01
1.014992220040728421e+00	2.088116716528848615e-01	6.266542707445563742e-01
1.016471986938014105e+00	2.220221305037397008e-01	6.277588316240758637e-01
1.017908646405372153e+00	2.350639094893606507e-01	6.289470968703747555e-01
1.019155794732754750e+00	2.479712195429507882e-01	6.302392322775881572e-01
1.020229572944005181e+00	2.607972626826258189e-01	6.315291074345219524e-01
1.021219444078955041e+00	2.735794711172956362e-01	6.326617038002430027e-01
1.022232349277592434e+00	2.863147860502252562e-01	6.334954826172496389e-01
1.023380407297517003e+00	2.989532822956614821e-01	6.339360457884609668e-01
1.024777752256914365e+00	3.114194984601108551e-01	6.339591889998784646e-01
1.026507704841051138e+00	3.236665048555915636e-01	6.336412193627796174e-01
1.028562825786315971e+00	3.357496072415282473e-01	6.331861671677123660e-01
1.030814508417228215e+00	3.478801874821502715e-01	6.329042287801105449e-01
1.033044004065169164e+00	3.603950360868238278e-01	6.331113557626616428e-01
1.034933519541919145e+00	3.735833038178701382e-01	6.340110314308747830e-01
1.035933466556138383e+00	3.874446733674735133e-01	6.356332041280903233e-01
1.045293077635142565e+00	3.899922990089421115e-01	6.569383415803662363e-01
1.044537007644527060e+00	3.767330214375966824e-01	6.553108281012216541e-01
1.042298921594249528e+00	3.633679720078189512e-01	6.547643439152720513e-01
1.039561173731992527e+00	3.500428131039370894e-01	6.550479718993000855e-01
1.037101452022981762e+00	3.368482924559508263e-01	6.557152553801863792e-01
1.035231776221806399e+00	3.237818684450369244e-01	6.563930839590057520e-01
1.033912173552386848e+00	3.108281830463077156e-01	6.568439916295611969e-01
1.032934562212828089e+00	2.980051801673857526e-01	6.569609653071237787e-01
1.032075387505146935e+00	2.853518238243873406e-01	6.567284554215612191e-01
1.031180628833362478e+00	2.728916974860418065e-01	6.561779101440720074e-01
1.030178764054476614e+00	2.606078725466891011e-01	6.553598601087412545e-01
1.029053742773041069e+00	2.484415845933533318e-01	6.543319260806514936e-01
1.027817529145766295e+00	2.363070919296481887e-01	6.531518981272118607e-01
1.026505808801851938e+00	2.241114554280489168e-01	6.518656408988715567e-01
1.025200153347250565e+00	2.117733678121143659e-01	6.504856543504534683e-01
1.024058449407355464e+00	1.992387662053612674e-01	6.489699947234749411e-01
1.023313049737621494e+00	1.864902708942119403e-01	6.472291919508872393e-01
1.023193936308935514e+00	1.735462375348452435e-01	6.451880750602645431e-01
1.023786445418342517e+00	1.604486974529744370e-01	6.428811881523578409e-01
1.024926198244286102e+00	1.472480829006119762e-01	6.404876527657640262e-01
1.026253172031895033e+00	1.339961961557687153e-01	6.382272210876381857e-01
1.027397472370135345e+00	1.207475779486953948e-01	6.362039887635336788e-01
1.028116236588448196e+00	1.075547778162970897e-01	6.343885198185331697e-01
1.028284750745313003e+00	9.444950715760194737e-02	6.327531425890373651e-01
1.027820249186065515e+00	8.142761275067290916e-02	6.313638795307169316e-01
1.026622620676502340e+00	6.846522331242170523e-02	6.303285064724541975e-01
1.024580071666615577e+00	5.555786585225219731e-02	6.297036162366821399e-01
1.021708362214251542e+00	4.273311831263078980e-02	6.294440965518278697e-01
1.018345808840908084e+00	3.001588991078584998e-02	6.293838849609889596e-01
1.015135765986457050e+00	1.738747281975455694e-02	6.292689663097954522e-01
1.012690543153024647e+00	4.781937364474557299e-03	6.288789515317428913e-01
1.011200315765756974e+00	-7.881199455119544672e-03	6.281671206831581644e-01
1.010304261433179418e+00	-2.065490266243447809e-02	6.272963651182450473e-01
1.009307362455035939e+00	-3.353386760799215854e-02	6.265339171949190211e-01
1.007629768382815039e+00	-4.644389665786896604e-02	6.260656916797963101e-01
1.005193095135854975e+00	-5.926176358395394972e-02	6.258527767927373198e-01
1.002412812707376810e+00	-7.187833160448316161e-02	6.256530675476176251e-01
9.998331365767076928e-01	-8.428726804653546845e-02	6.252026553850316137e-01
9.978259761045902287e-01	-9.663809047221832982e-02	6.243865966156025848e-01
9.965834984441900302e-01	-1.091895144654534133e-01	6.232596189512313867e-01
9.961246158583864085e-01	-1.221138763436922930e-01	6.219850953784911152e-01
9.960005026153582186e-01	-1.351603482384510779e-01	6.208169857955716520e-01
9.951059926958922830e-01	-1.474896446788956927e-01	6.200076286350620913e-01
9.922415459062680076e-01	-1.581438293933560002e-01	6.195856510887869373e-01
9.957921137132988987e-01	-1.550912738973439786e-01	6.312179524523040541e-01
9.966674642282968843e-01	-1.511387148702859895e-01	6.440458950327905274e-01
9.966774048825062238e-01	-1.382926146119194677e-01	6.451118407857361348e-01
9.959731145331111035e-01	-1.247679492042700761e-01	6.461177504896181700e-01
9.956712672442108447e-01	-1.115292973429419798e-01	6.469957600065658898e-01
9.961906703098379889e-01	-9.882117901507289637e-02	6.476971515241372046e-01
9.975270633593281699e-01	-8.641524022030248886e-02	6.482426755838440746e-01
9.995292354255871370e-01	-7.398222669195758661e-02	6.486991420649608209e-01
1.001916206268600895e+00	-6.130215448695980340e-02	6.491527037665391076e-01
1.004280651069594077e+00	-4.833372782082050179e-02	6.496889400406397064e-01
1.006285996939195071e+00	-3.518378274474753126e-02	6.503490952163257788e-01
1.007953036833634686e+00	-2.201771913583113263e-02	6.510740630236170334e-01
1.009706882425377872e+00	-8.969039640991062143e-03	6.517083472083832207e-01
1.012066005003088742e+00	3.908985414805976263e-03	6.520970546049575933e-01
1.015243629116484581e+00	1.664333362455087950e-02	6.522048976122531982e-01
1.018987619940421085e+00	2.930827317548259300e-02	6.521580345111069876e-01
1.022739388323555154e+00	4.198042703589856955e-02	6.521770347711716154e-01
1.025961509494951462e+00	5.470544025697847423e-02	6.524552196922194236e-01
1.028383470343301020e+00	6.749437087092902132e-02	6.530790191164329572e-01
1.030013854090772396e+00	8.034596336099511515e-02	6.540381370722718746e-01
1.030994311602753122e+00	9.326812103774050067e-02	6.552857761918213786e-01
1.031471194159248483e+00	1.062758059374928205e-01	6.567863842581582734e-01
1.031571056758736171e+00	1.193700464519398263e-01	6.585234774385142487e-01
1.031443890718543921e+00	1.325202783527791583e-01	6.604729633575644465e-01
1.031292774058652606e+00	1.456655138010985451e-01	6.625693966044143846e-01
1.031338418668118262e+00	1.587325275984896311e-01	6.647033678576634852e-01
1.031738562307241480e+00	1.716572930095347227e-01	6.667614098641262421e-01
1.032530513362263314e+00	1.843980361780742372e-01	6.686735943330442966e-01
1.033640277599639168e+00	1.969392215041546323e-01	6.704272918723304109e-01
1.034939734330176941e+00	2.092918983010962075e-01	6.720436262232880598e-01
1.036303526455795376e+00	2.214937318376916930e-01	6.735443809537476900e-01
1.037635259128676601e+00	2.336083506555406419e-01	6.749331769348159149e-01
1.038864709463754421e+00	2.457224128592001011e-01	6.761939762135230625e-01
1.039934634776102929e+00	2.579389664662004034e-01	6.772975680473500848e-01
1.040795530338740393e+00	2.703657843318647003e-01	6.782075743771472931e-01
1.041420472535829145e+00	2.830978932681276206e-01	6.788833811123332618e-01
1.041845104045738157e+00	2.961960713372938647e-01	6.792815967564183044e-01
1.042224267674690230e+00	3.096671057582904285e-01	6.793606612470101114e-01
1.042866080394683204e+00	3.234502685115838716e-01	6.791009241090204540e-01
1.044152131235103420e+00	3.374030364025584205e-01	6.785652324692967863e-01
1.046232446078422251e+00	3.512847747452457758e-01	6.780104053502312711e-01
1.048611527821866840e+00	3.647897160245916481e-01	6.779516519496306959e-01
1.050212927341649172e+00	3.776977447917189146e-01	6.789385194596215811e-01
1.050179214890130330e+00	3.901317272083839049e-01	6.809714992644910758e-01
1.054995633480479977e+00	3.899137764240042103e-01	7.073744078553317882e-01
1.055644085198540250e+00	3.778831367363807980e-01	7.051129575092899282e-01
1.054331227818311678e+00	3.653973372619115922e-01	7.035213850368399191e-01
1.052155262586587314e+00	3.521160327340480123e-01	7.029282694945189203e-01
1.050355738096203417e+00	3.382058662755234035e-01	7.029414292374549511e-01
1.049467766125570245e+00	3.240403415053683123e-01	7.030467660002485131e-01
1.049243022678620907e+00	3.099446240720432622e-01	7.029434060542701923e-01
1.049211822911511494e+00	2.961204478904047588e-01	7.025338512762669962e-01
1.049050610944876061e+00	2.826624808119053145e-01	7.018209248153777224e-01
1.048621955249382065e+00	2.695805243040829136e-01	7.008430762232514821e-01
1.047902785496655165e+00	2.568223140271253535e-01	6.996492972529240184e-01
1.046919945666532792e+00	2.443002676470402146e-01	6.982903920714581547e-01
1.045714928462424975e+00	2.319158491897644614e-01	6.968146329223126045e-01
1.044331429169882641e+00	2.195768128402267039e-01	6.952642299715906526e-01
1.042816530278725118e+00	2.072070985756263861e-01	6.936717950189574822e-01
1.041226941300159581e+00	1.947512664697176599e-01	6.920574451205230293e-01
1.039631501222315402e+00	1.821756969697456152e-01	6.904289541303970656e-01
1.038102223482324948e+00	1.694685570961269316e-01	6.887878108087445161e-01
1.036692550953899117e+00	1.566397566036883127e-01	6.871407843071083432e-01
1.035413106705862729e+00	1.437202108645803944e-01	6.855106121724768853e-01
1.034222800626242167e+00	1.307573982760016629e-01	6.839369438333493534e-01
1.033044311729071962e+00	1.178044952512261739e-01	6.824653573424935837e-01
1.031789839250927709e+00	1.049053808994012682e-01	6.811339706528112270e-01
1.030369915480641829e+00	9.208346162275438118e-02	6.799709033775503952e-01
1.028677277437612725e+00	7.934102397835479659e-02	6.790046787008433560e-01
1.026575434963244771e+00	6.666704720561549002e-02	6.782733246476123634e-01
1.023934736350243568e+00	5.404376535583890057e-02	6.778132236774274677e-01
1.020721045660570869e+00	4.144389755610326104e-02	6.776232888538773480e-01
1.017077240645678504e+00	2.882076315052148341e-02	6.776263493724818954e-01
1.013310639906853217e+00	1.610349849430150332e-02	6.776657081105871283e-01
1.009755380400519709e+00	3.209652285605541725e-03	6.775578531018630057e-01
1.006582481273717633e+00	-9.922772155469859051e-03	6.771783294764256445e-01
1.003701584558075455e+00	-2.329389373902775867e-02	6.765237443665850225e-01
1.000872981259174788e+00	-3.681043981268733445e-02	6.757003899971405492e-01
9.979798764159664159e-01	-5.029037694654135693e-02	6.748462756075281899e-01
9.952068265893815324e-01	-6.352499063898027487e-02	6.740561320590912064e-01
9.929319251913487632e-01	-7.638599336934362438e-02	6.733635754349615032e-01
9.914589983227380943e-01	-8.892038231215067257e-02	6.727575827731209213e-01
9.908592291237817706e-01	-1.013708424907094063e-01	6.721942386397581348e-01
9.910253681564888950e-01	-1.140947662044957539e-01	6.716073821777347463e-01
9.917974815894953222e-01	-1.273694363244910754e-01	6.709284869873627377e-01
9.928561581750304788e-01	-1.410764811180250378e-01	6.701036047095484394e-01
9.907406862784080559e-01	-1.355755610296515423e-01	6.824499186185434274e-01
9.898587390717542567e-01	-1.301499345922431938e-01	6.945274740395512847e-01
9.887738910463972353e-01	-1.169359042233290152e-01	6.954624929860386828e-01
9.882533851381778423e-01	-1.042472442572940639e-01	6.963153284810932320e-01
9.884931401944689888e-01	-9.184821426650478793e-02	6.971454481394858682e-01
9.896552428826170811e-01	-7.941353176096438427e-02	6.980072344552247232e-01
9.917585861021531723e-01	-6.670948690081071608e-02	6.989261466795447797e-01
9.946177404178938586e-01	-5.367531173637050262e-02	6.998886279664884302e-01
9.979236029202294134e-01	-4.040999202102940613e-02	7.008445503770242002e-01
1.001392772931271713e+00	-2.709489413208712727e-02	7.017170770954386239e-01
1.004865764415259433e+00	-1.390401236633937061e-02	7.024234349678711853e-01
1.008295277847744753e+00	-9.461379902674494193e-04	7.029087770555625392e-01
1.011669423906679466e+00	1.174899845857710172e-02	7.031760875816469580e-01
1.014952808026394759e+00	2.421415531141353147e-02	7.032900830844058815e-01
1.018081131551707541e+00	3.651651113690457251e-02	7.033527744700945883e-01
1.020992385290444560e+00	4.873154416090667157e-02	7.034668805834851657e-01
1.023661548516617392e+00	6.092564389096224997e-02	7.037063179540109514e-01
1.026112975891592560e+00	7.314884184658071442e-02	7.041054072791347318e-01
1.028403814396727567e+00	8.543479563743905381e-02	7.046666709028401865e-01
1.030593510497820553e+00	9.780303861227475359e-02	7.053772993867862828e-01
1.032722351448681186e+00	1.102597132113870282e-01	7.062225931688623781e-01
1.034809899583189141e+00	1.227966168088529542e-01	7.071910293150671656e-01
1.036865675747578708e+00	1.353913364902188388e-01	7.082734959211107739e-01
1.038897288143023623e+00	1.480110146003741911e-01	7.094620685051612474e-01
1.040908933195380914e+00	1.606194844743740469e-01	7.107507138345378062e-01
1.042894576458927469e+00	1.731851941926916272e-01	7.121361368621402788e-01
1.044833793890677098e+00	1.856875050894903345e-01	7.136160919431213667e-01
1.046693795958212103e+00	1.981206887789961901e-01	7.151848338198972810e-01
1.048435541388378578e+00	2.104961758238703129e-01	7.168278213289369649e-01
1.050019993152755404e+00	2.228435365227661169e-01	7.185180966042686856e-01
1.051412027660505677e+00	2.352099226747514926e-01	7.202154309669972498e-01
1.052581610746428975e+00	2.476570133049643685e-01	7.218680409214929261e-01
1.053503124736447694e+00	2.602541130314803275e-01	7.234163111796931833e-01
1.054154646971667386e+00	2.730660578765248259e-01	7.247982097700734760e-01
1.054521693268805516e+00	2.861356919000460075e-01	7.259563398141863910e-01
1.054617712110967886e+00	2.994643657881798648e-01	7.268468483940359048e-01
1.054542941002065470e+00	3.130000240773721520e-01	7.274516604130724096e-01
1.054577908111833828e+00	3.266425277044796016e-01	7.277982848806202609e-01
1.055182389957973532e+00	3.402567889191933648e-01	7.279906914876170809e-01
1.056642600463046033e+00	3.536708349914913785e-01	7.282354114860152272e-01
1.058432021287010416e+00	3.666913815566237855e-01	7.288013446800107875e-01
1.059117460852679660e+00	3.792260139468286440e-01	7.298307287846134139e-01
1.057424599662552644e+00	3.915147381163245344e-01	7.310532627058264898e-01
1.051079642287590099e+00	3.927697822125583160e-01	7.533329281163908542e-01
1.053115179703985937e+00	3.796316902865473075e-01	7.533983246876435613e-01
1.054276244084499714e+00	3.667474538538771922e-01	7.533143070918599804e-01
1.054992745075673533e+00	3.538593438438241146e-01	7.531859779290996926e-01
1.055754215481583325e+00	3.408555537060366514e-01	7.530089707384858277e-01
1.056617110441004259e+00	3.276925228152220981e-01	7.527243735253533741e-01
1.057333052014598707e+00	3.143866089901032335e-01	7.522598989217703647e-01
1.057677495994873373e+00	3.010156299331740448e-01	7.515554731789849674e-01
1.057583255011141921e+00	2.876865920262434151e-01	7.505774088930078358e-01
1.057083734633123884e+00	2.744882474885722012e-01	7.493245578156940701e-01
1.056231210675674159e+00	2.614628747573196632e-01	7.478273902795378181e-01
1.055066973886529924e+00	2.486054971941122349e-01	7.461410306691496075e-01
1.053627892545875522e+00	2.358785735999573696e-01	7.443349787184749822e-01
1.051958500535704832e+00	2.232296645336619423e-01	7.424825720714671728e-01
1.050114147939034570e+00	2.106061239396456175e-01	7.406521375966854670e-01
1.048154047095214203e+00	1.979654328004157859e-01	7.389006070406135551e-01
1.046128558561496336e+00	1.852814429523026996e-01	7.372697876309995957e-01
1.044066806019085414e+00	1.725470169614601312e-01	7.357853208449127713e-01
1.041970749912773719e+00	1.597734048170140753e-01	7.344582011959630563e-01
1.039819763196164759e+00	1.469866658837489792e-01	7.332882860180069962e-01
1.037585071566661243e+00	1.342217032202939198e-01	7.322686858327798198e-01
1.035247794905524543e+00	1.215149883084826188e-01	7.313898028590075651e-01
1.032811374749213362e+00	1.088975123192390815e-01	7.306423047431698237e-01
1.030301701860110830e+00	9.638944386332888581e-02	7.300189433312981313e-01
1.027755344255713243e+00	8.399717022206264205e-02	7.295150666692785668e-01
1.025203217112090837e+00	7.171222520135622780e-02	7.291270131758155193e-01
1.022658699938840954e+00	5.951094712539407861e-02	7.288475453029752416e-01
1.020114544764186615e+00	4.735422823694934030e-02	7.286590451857620776e-01
1.017546519428165874e+00	3.518811890295579087e-02	7.285275112811802067e-01
1.014919601249562264e+00	2.294725223245524040e-02	7.284013314218737989e-01
1.012195686681669482e+00	1.056312495150639463e-02	7.282172147944713236e-01
1.009345320391584533e+00	-2.021955698944125426e-03	7.279125091497100630e-01
1.006365209869692912e+00	-1.483666354619230486e-02	7.274401380565896913e-01
1.003298741049339027e+00	-2.786261656806632292e-02	7.267805612077288258e-01
1.000251712573618335e+00	-4.102476058536132231e-02	7.259453244489511015e-01
9.973933535394930994e-01	-5.420202490714532556e-02	7.249698829810078404e-01
9.949364812584159390e-01	-6.726914260175474725e-02	7.238981913902122756e-01
9.930977158477793942e-01	-8.016700696018461136e-02	7.227647079929340190e-01
9.920458923451892508e-01	-9.297140423514084484e-02	7.215801188294924673e-01
9.918670575605820217e-01	-1.059070442488203589e-01	7.203266738069545871e-01
9.925787003755323079e-01	-1.192589612664393672e-01	7.189678446140993495e-01
9.958028755203317539e-01	-1.135283793725534868e-01	7.315207814521910157e-01
9.998282197193065768e-01	-1.077354076856754106e-01	7.441849131472078049e-01
1.000138756475819735e+00	-9.434502042553223611e-02	7.457753789304903957e-01
1.001049876623740120e+00	-8.123510948960044331e-02	7.472064766131653046e-01
1.002388485859557088e+00	-6.820202911508892185e-02	7.484893770600747898e-01
1.004026576463462606e+00	-5.516089146860424230e-02	7.496228381195433332e-01
1.005865477539198638e+00	-4.212903018098272667e-02	7.505955577491184583e-01
1.007821994300621249e+00	-2.917109928807048655e-02	7.513952235716605532e-01
1.009829847791951618e+00	-1.635073632331835933e-02	7.520184059979647673e-01
1.011850855321115850e+00	-3.704001026725090625e-03	7.524768183714247716e-01
1.013881658252939300e+00	8.768004064488408786e-03	7.527982901816171468e-01
1.015948444598445244e+00	2.109457487207841778e-02	7.530231141358517677e-01
1.018091684656943885e+00	3.332526736715625548e-02	7.531976422780688463e-01
1.020347208255353300e+00	4.551867140336302714e-02	7.533673597488182994e-01
1.022729401617016753e+00	5.773282331951337665e-02	7.535714236689746715e-01
1.025220086424983634e+00	7.001841294130793647e-02	7.538399788550009806e-01
1.027765296428895914e+00	8.241465913036075119e-02	7.541945655352255695e-01
1.030282235652933309e+00	9.494693429730333145e-02	7.546508589786672383e-01
1.032678320483912282e+00	1.076251281553028266e-01	7.552222572257096811e-01
1.034880604132802251e+00	1.204423989803800332e-01	7.559227888568389453e-01
1.036866746056259503e+00	1.333750268126751293e-01	7.567683338208870403e-01
1.038682507142878464e+00	1.463848244940267607e-01	7.577757871510761856e-01
1.040432549503642834e+00	1.594252268715544152e-01	7.589602178641349228e-01
1.042243680450968046e+00	1.724506508813111461e-01	7.603303606239213419e-01
1.044215491697373599e+00	1.854268959517675619e-01	7.618832524098180237e-01
1.046380692718435368e+00	1.983395300817402396e-01	7.635994835433418393e-01
1.048691380155288844e+00	2.111978603055961745e-01	7.654407294316822874e-01
1.051033992051342736e+00	2.240335273269686012e-01	7.673505117963331790e-01
1.053263650502220150e+00	2.368939941566546858e-01	7.692581065950401253e-01
1.055242076578324806e+00	2.498317336295653723e-01	7.710851321117025980e-01
1.056862235436309971e+00	2.628898886123121059e-01	7.727546177024863239e-01
1.058047384521188850e+00	2.760852822291410269e-01	7.742022976936858703e-01
1.058723835214642639e+00	2.893912959655740025e-01	7.753886203392550414e-01
1.058786318007608251e+00	3.027276677245675507e-01	7.763075131082664004e-01
1.058094329199319672e+00	3.159699108920990263e-01	7.769858043594345398e-01
1.056531477304410993e+00	3.289895467247693772e-01	7.774685563581534842e-01
1.054107000130708238e+00	3.417192644033500981e-01	7.777924969563205781e-01
1.051024397226922646e+00	3.542143145275037375e-01	7.779590180236862773e-01
1.047673661783858234e+00	3.666797671915724699e-01	7.779225846223358776e-01
1.044591208623815382e+00	3.794577581451420989e-01	7.776036969718905789e-01
1.042427856906531281e+00	3.929866836925152151e-01	7.769176359636401630e-01
1.041260227988502596e+00	3.945453956441107302e-01	8.009146266203097664e-01
1.043063488816474038e+00	3.810980508521462085e-01	8.018009077312386879e-01
1.046218604133527963e+00	3.685559737333408137e-01	8.022021359284541298e-01
1.049909062118891123e+00	3.564561020931359958e-01	8.022436043808902628e-01
1.053421737358659627e+00	3.444067071933467616e-01	8.020629094007604154e-01
1.056245082796598345e+00	3.321443712568589723e-01	8.017570495570589539e-01
1.058124649311874332e+00	3.195615345441372712e-01	8.013572447524250908e-01
1.059036877523259257e+00	3.066884254091555850e-01	8.008364621806545181e-01
1.059090807301518389e+00	2.936379539303540231e-01	8.001384769394713770e-01
1.058417740197027168e+00	2.805417001762235962e-01	7.992109841077142951e-01
1.057110461838316917e+00	2.675033033469535471e-01	7.980285778281148712e-01
1.055230283916580358e+00	2.545784618132350685e-01	7.966004087955581570e-01
1.052855287791942818e+00	2.417755076299451245e-01	7.949656904224928766e-01
1.050126225416658787e+00	2.290664895347888919e-01	7.931839028088755184e-01
1.047255335014266819e+00	2.164022089409729510e-01	7.913258297221182902e-01
1.044488320548066174e+00	2.037282560217203442e-01	7.894673932564937324e-01
1.042040133177801975e+00	1.909996921706819395e-01	7.876828379942760749e-01
1.040038410766598309e+00	1.781917258031213425e-01	7.860337736820195431e-01
1.038494101453349749e+00	1.653048982638763986e-01	7.845579233544411890e-01
1.037300922334883913e+00	1.523647900225808260e-01	7.832660382376748220e-01
1.036263799653836415e+00	1.394165415226564231e-01	7.821496091180842880e-01
1.035157338536393246e+00	1.265147326816125073e-01	7.811925382331437184e-01
1.033799919836867476e+00	1.137109166066745114e-01	7.803784133787148303e-01
1.032109623002860355e+00	1.010430050608744912e-01	7.796920084715137644e-01
1.030114923518705261e+00	8.852985129654040997e-02	7.791186780300171089e-01
1.027923578347962996e+00	7.617111331887302383e-02	7.786438482482094248e-01
1.025674723056346771e+00	6.395010042849660903e-02	7.782522531965677670e-01
1.023497504817651560e+00	5.183733085864503098e-02	7.779264579315370298e-01
1.021486473096785641e+00	3.979383775974106724e-02	7.776451149879526348e-01
1.019693205114507339e+00	2.777442323558575871e-02	7.773817930488873262e-01
1.018129284599346596e+00	1.573151251356360789e-02	7.771050349339360119e-01
1.016775658530762794e+00	3.620068288686952105e-03	7.767798841427918655e-01
1.015594562072228868e+00	-8.596551619562155938e-03	7.763706702315261721e-01
1.014541037139839785e+00	-2.094063566129195086e-02	7.758444682442945384e-01
1.013571516199965883e+00	-3.341562103242019105e-02	7.751744025313327402e-01
1.012647847791631639e+00	-4.600526702368894216e-02	7.743418761643751091e-01
1.011737599013292188e+00	-5.867928484447741677e-02	7.733369278584691919e-01
1.010815768517612234e+00	-7.140849368329593716e-02	7.721564127405373679e-01
1.009876657519474863e+00	-8.419107939702993870e-02	7.708007670161992619e-01
1.008960940441103071e+00	-9.708415896558468539e-02	7.692715307739075303e-01
1.013485841066059878e+00	-9.252244192899936048e-02	7.815306673822595140e-01
1.017764188272298975e+00	-8.844264416623490166e-02	7.935927677378484812e-01
1.018646976695311901e+00	-7.558630312508674010e-02	7.950117995564793816e-01
1.019302045397443734e+00	-6.275921414601828840e-02	7.962664530991364620e-01
1.019782973062851372e+00	-4.996811210882329268e-02	7.973573089444599971e-01
1.020166519576468644e+00	-3.723725815340093309e-02	7.982913415494087284e-01
1.020540047183403853e+00	-2.459216179202941902e-02	7.990815278565951418e-01
1.020992583190967640e+00	-1.204857381877861774e-02	7.997466989263364301e-01
1.021607349780687679e+00	3.927478455626146493e-04	8.003107923499155341e-01
1.022453994637357422e+00	1.274660340220788203e-02	8.008013346106508390e-01
1.023579697716239911e+00	2.504085292428280193e-02	8.012474104066774627e-01
1.024999193826982458e+00	3.731239819105052619e-02	8.016775611430173587e-01
1.026684648428963786e+00	4.960281447192725623e-02	8.021180856092546829e-01
1.028557788911255377e+00	6.195425256008738751e-02	8.025921089819012533e-01
1.030489243163134949e+00	7.440560009374165562e-02	8.031194803148520300e-01
1.032313407715113707e+00	8.698830324344382359e-02	8.037169267024413255e-01
1.033868783495432986e+00	9.972099202194004142e-02	8.043969965027274460e-01
1.035065935033113282e+00	1.126028223367825792e-01	8.051645663968940436e-01
1.035956806077990455e+00	1.256082199968023838e-01	8.060145514633751951e-01
1.036740341721225089e+00	1.386893732009541191e-01	8.069426618830051190e-01
1.037658362347024799e+00	1.517907560938039635e-01	8.079740334537000024e-01
1.038858630813955797e+00	1.648677650120845273e-01	8.091799384015051499e-01
1.040375286733662641e+00	1.778940931010951076e-01	8.106403797901367003e-01
1.042229800609373092e+00	1.908563160142461856e-01	8.123700120980612560e-01
1.044484926274410919e+00	2.037506658036032647e-01	8.142821897545247101e-01
1.047154982489088892e+00	2.165907448445112682e-01	8.162310133821409908e-01
1.050084639243069384e+00	2.294156366326439989e-01	8.180866503527729483e-01
1.052967060129271104e+00	2.422825478946998845e-01	8.197708877111525849e-01
1.055492718538493913e+00	2.552447378595140148e-01	8.212409388958692436e-01
1.057469157212558075e+00	2.683292379798694061e-01	8.224669749860572532e-01
1.058824386955919961e+00	2.815227920208473456e-01	8.234318866648958624e-01
1.059535315721678250e+00	2.947656107769714984e-01	8.241440517477393035e-01
1.059555972757757258e+00	3.079547890937835430e-01	8.246455226327565891e-01
1.058797722940462815e+00	3.209652443094100915e-01	8.250052325319886526e-01
1.057182986580915252e+00	3.336944528498827500e-01	8.252935669431866739e-01
1.054753399004833225e+00	3.461243370057153212e-01	8.255432869926579986e-01
1.051772559023079978e+00	3.583769406405746816e-01	8.257129218448322483e-01
1.048756445416134886e+00	3.707348778840819925e-01	8.256746143000596172e-01
1.046407251588633125e+00	3.836114873049948915e-01	8.252421110526872994e-01
1.045486582309828716e+00	3.974809219712272523e-01	8.242374928104905241e-01
1.051283451495015786e+00	3.998915346859987507e-01	8.473307498431377205e-01
1.051300033418428592e+00	3.855818691439517054e-01	8.483639242171270300e-01
1.052783201722819584e+00	3.723128657693965393e-01	8.487266010454368459e-01
1.054991832026649812e+00	3.595908091215644919e-01	8.486800424230372952e-01
1.057245227059172121e+00	3.469958335532107863e-01	8.484677139063414586e-01
1.059070593870778509e+00	3.342549845609504855e-01	8.482429914434593821e-01
1.060249974510113935e+00	3.212597436531329786e-01	8.480457947565612775e-01
1.060765451611559218e+00	3.080331487782188016e-01	8.478259366094740290e-01
1.060686942300839375e+00	2.946697675292077045e-01	8.474932957319185611e-01
1.060071586126333010e+00	2.812783275889547130e-01	8.469648692308873184e-01
1.058924898176329732e+00	2.679453620835545169e-01	8.461895334036287908e-01
1.057238351516319286e+00	2.547199143910945929e-01	8.451476321587890750e-01
1.055093871962899055e+00	2.416090122847791843e-01	8.438295568465138397e-01
1.052784035897625925e+00	2.285771612275614428e-01	8.422071375021222828e-01
1.050797288073938907e+00	2.155576700815461655e-01	8.402420642270179707e-01
1.049502485241689209e+00	2.024900210308113180e-01	8.379807666462579796e-01
1.048714607578666858e+00	1.893671866877940646e-01	8.356711036320229047e-01
1.047724109121524805e+00	1.762387026657772082e-01	8.337080958832149280e-01
1.045971684757376785e+00	1.631511119629592832e-01	8.323634478921553281e-01
1.043639673789421130e+00	1.500935949889805054e-01	8.315668146620175394e-01
1.041416584736661433e+00	1.370199520968260198e-01	8.309998856009370716e-01
1.039752002477120296e+00	1.239159605438708428e-01	8.303891792729359844e-01
1.038525180883501431e+00	1.108241833274871690e-01	8.296654513868126912e-01
1.037352967938729442e+00	9.780765457388966577e-02	8.288916855012259388e-01
1.035985946907242994e+00	8.490718559863892623e-02	8.281368890320721654e-01
1.034414296431011238e+00	7.212882796915756622e-02	8.274280643417484260e-01
1.032771512808589254e+00	5.945264769721531062e-02	8.267616105154752537e-01
1.031220108091394305e+00	4.684473000990385660e-02	8.261223626981160084e-01
1.029887668320873306e+00	3.426563094075706778e-02	8.254925963365713493e-01
1.028845217296753489e+00	2.167590369678634027e-02	8.248541683317672790e-01
1.028107299181936662e+00	9.040465739804964818e-03	8.241886570834922043e-01
1.027640713232070624e+00	-3.667297029916763863e-03	8.234775113658906465e-01
1.027375890951338633e+00	-1.646170183071323651e-02	8.227025211186057563e-01
1.027218728068312714e+00	-2.934192251131649554e-02	8.218464138242664863e-01
1.027062451936273213e+00	-4.229135890386398478e-02	8.208933610267278302e-01
1.026799918800707534e+00	-5.528073887820317972e-02	8.198293289250572213e-01
1.026336907915482488e+00	-6.827619321752836923e-02	8.186425300976253316e-01
1.025605934541751196e+00	-8.125210633011763217e-02	8.173248374659413118e-01
1.029273107290656908e+00	-7.784984774565839594e-02	8.291224151934420972e-01
1.032816159680764345e+00	-7.438476183048413348e-02	8.409509452876213764e-01
1.033516479945214561e+00	-6.124527265175577079e-02	8.421841415850460644e-01
1.033943390557225062e+00	-4.805594508967622747e-02	8.433394810448598955e-01
1.034146601114493746e+00	-3.485519784829038681e-02	8.444313514075737492e-01
1.034215802496490921e+00	-2.168787401856193606e-02	8.454702952218086098e-01
1.034262520014372910e+00	-8.590695051796336940e-03	8.464622990405411551e-01
1.034403471227772986e+00	4.415569026358019331e-03	8.474095948466383588e-01
1.034744247481829804e+00	1.732832086913090042e-02	8.483123203710889459e-01
1.035362431895257451e+00	3.016164396642059820e-02	8.491707395799652502e-01
1.036290616967102673e+00	4.294281625491756793e-02	8.499877307679964966e-01
1.037501529539226031e+00	5.570803322340197455e-02	8.507712168370806793e-01
1.038901279943568401e+00	6.849777022443150065e-02	8.515356819918749043e-01
1.040345964657358957e+00	8.135087922530245819e-02	8.522996293908864374e-01
1.041710638632429298e+00	9.429465669741889100e-02	8.530714198917254132e-01
1.043031477998872969e+00	1.073285021755756852e-01	8.538171395760614235e-01
1.044643230510800214e+00	1.204085813471631183e-01	8.544333314393621759e-01
1.047052495892326407e+00	1.334596164545056585e-01	8.548036116643979998e-01
1.050361551046705921e+00	1.464345591475157971e-01	8.549901050882461329e-01
1.053728640553588169e+00	1.593792297810398828e-01	8.553852951710626540e-01
1.055835530908018516e+00	1.724021482015772599e-01	8.565060516005014168e-01
1.056233367901168840e+00	1.855455148059073356e-01	8.585063730651356639e-01
1.055855643655033704e+00	1.987315305689282274e-01	8.609925417388439861e-01
1.055969101701688118e+00	2.118641469792669763e-01	8.633890842732373505e-01
1.057030954399191591e+00	2.249304392034671418e-01	8.653710814333971379e-01
1.058659372180846381e+00	2.379921100672904855e-01	8.669214249005701145e-01
1.060275555644753842e+00	2.511204926124050441e-01	8.681358915328336590e-01
1.061539639083480369e+00	2.643543557252319154e-01	8.690794537593993230e-01
1.062372009699594111e+00	2.776945781586003248e-01	8.697738563389730837e-01
1.062809834226195571e+00	2.911098971213564868e-01	8.702384072804134618e-01
1.062887697516565089e+00	3.045386180437872903e-01	8.705240716199714734e-01
1.062583124408595481e+00	3.178921507836207083e-01	8.707259990858645660e-01
1.061827568688030299e+00	3.310758291322200009e-01	8.709670751308885572e-01
1.060583773744038449e+00	3.440375303581859057e-01	8.713450682500488709e-01
1.058963965507881744e+00	3.568349219161143782e-01	8.718570010904107548e-01
1.057326893041592442e+00	3.696916437441339909e-01	8.723397489561500739e-01
1.056292966957236290e+00	3.830114953793822274e-01	8.724605909879642462e-01
1.056637946864426914e+00	3.973296136310688897e-01	8.717751417100669808e-01
1.062039672931730072e+00	3.930538587610923895e-01	8.976100269900608719e-01
1.061359404628825498e+00	3.788563833906473666e-01	8.976444314682705539e-01
1.061932528017366151e+00	3.657099172721695046e-01	8.967324218221555121e-01
1.063030818608516670e+00	3.529694487401821013e-01	8.955518822384691546e-01
1.064158781168138335e+00	3.402059049937715685e-01	8.945273759262200031e-01
1.065068520355576087e+00	3.272243689823296497e-01	8.938156458223877054e-01
1.065698897255203725e+00	3.140106893544017397e-01	8.933689605533798872e-01
1.066075742099654500e+00	3.006454459000675872e-01	8.930392315541909598e-01
1.066219633104465547e+00	2.872271526320325230e-01	8.926748016647904072e-01
1.066100932923808031e+00	2.738323228574712775e-01	8.921713932640135125e-01
1.065642042703191628e+00	2.605093723437492681e-01	8.914791207075082324e-01
1.064755039326485520e+00	2.472863485368332614e-01	8.905861389679796680e-01
1.063420920433553851e+00	2.341745679253361967e-01	8.894899270429502680e-01
1.061797214842097992e+00	2.211618230664461060e-01	8.881653571790181223e-01
1.060235570841824737e+00	2.082062166017012161e-01	8.865677251150101412e-01
1.059037674150509645e+00	1.952525410674205153e-01	8.847207176418283581e-01
1.058058298863735702e+00	1.822714696502364118e-01	8.828360008444487983e-01
1.056696146461717500e+00	1.692767752237114565e-01	8.812685893973293272e-01
1.054565670577397141e+00	1.562781062350978301e-01	8.802373590813432624e-01
1.052057296350833226e+00	1.432348587023237751e-01	8.796170843898369895e-01
1.049891365538249577e+00	1.301063296270375536e-01	8.790969996714634860e-01
1.048335598379007250e+00	1.169188597806178620e-01	8.784811218666772614e-01
1.047123871699756181e+00	1.037481308430919236e-01	8.777673807791547267e-01
1.045905744765744938e+00	9.065808751086357198e-02	8.770250741088982949e-01
1.044567281089789024e+00	7.766703300625500683e-02	8.762856016443399954e-01
1.043220276846095196e+00	6.475313432139168102e-02	8.755291711880652805e-01
1.042049377986150160e+00	5.187462584031886370e-02	8.747178637085861741e-01
1.041194466066422297e+00	3.898532511274784701e-02	8.738231739455667446e-01
1.040705997795422943e+00	2.604273422216973888e-02	8.728362022417730515e-01
1.040546705331884425e+00	1.301284656258916948e-02	8.717667235065984510e-01
1.040613244213019151e+00	-1.253256418803238464e-04	8.706372569594723609e-01
1.040764338436629188e+00	-1.337508091583464523e-02	8.694752062354303979e-01
1.040849099630035690e+00	-2.671846626763336660e-02	8.683049162480075411e-01
1.040731936827267390e+00	-4.011597337015176262e-02	8.671412766918866755e-01
1.040313156983905918e+00	-5.351218431695978911e-02	8.659859756641858919e-01
1.039547915090089480e+00	-6.685009148570379700e-02	8.648266774203876572e-01
1.042744651262858646e+00	-6.268613173055313792e-02	8.768822308418923184e-01
1.045847729199718801e+00	-5.827190939302327732e-02	8.889934495082985055e-01
1.046593479199819265e+00	-4.479741284085606012e-02	8.901073269532802090e-01
1.046861867701364801e+00	-3.128366750577885741e-02	8.913003288671791369e-01
1.046731494732552781e+00	-1.780477969240774200e-02	8.925664433842052103e-01
1.046348780172026594e+00	-4.416544955566787702e-03	8.938754320996998848e-01
1.045907358947713695e+00	8.851224369845443751e-03	8.951774720725643730e-01
1.045616330448253084e+00	2.199437993783890516e-02	8.964136093852321796e-01
1.045659120753558380e+00	3.502980959440316067e-02	8.975300946809232627e-01
1.046149595557485323e+00	4.798961965491137932e-02	8.984931271802100161e-01
1.047094092142108579e+00	6.091627163212096074e-02	8.993004209459027898e-01
1.048371500655815192e+00	7.385895061239997061e-02	8.999862473684165920e-01
1.049752338487216941e+00	8.686836459125714394e-02	9.006158903531051863e-01
1.050982816843852419e+00	9.998467610180901410e-02	9.012653214686894287e-01
1.051930801884572109e+00	1.132166384065028258e-01	9.019889375703266099e-01
1.052710015368394814e+00	1.265225751075232663e-01	9.027963131020891874e-01
1.053643594056134614e+00	1.398150997165538145e-01	9.036681221231191996e-01
1.055041213817655699e+00	1.530000281794561823e-01	9.046051038138280820e-01
1.056994218596767121e+00	1.660254376544127997e-01	9.056459810204398053e-01
1.059394064788041545e+00	1.789016240767269117e-01	9.068152513421268157e-01
1.062058913746677602e+00	1.916873545350076535e-01	9.080713314328013874e-01
1.064756726621937100e+00	2.044654650658347950e-01	9.093335878423052243e-01
1.067196569425633346e+00	2.173151464039461411e-01	9.105424036704451440e-01
1.069117635367222707e+00	2.302858546577093990e-01	9.116719822964692854e-01
1.070397735323777466e+00	2.433877999831484118e-01	9.127047783886506060e-01
1.071062907555007992e+00	2.566026788344052401e-01	9.136186457513350012e-01
1.071216798190813391e+00	2.699006408587410477e-01	9.143987708415790561e-01
1.070975416856923879e+00	2.832479092128034615e-01	9.150558681532729999e-01
1.070444718538651641e+00	2.966004447850965065e-01	9.156393568597689381e-01
1.069725315604023841e+00	3.098901149076553896e-01	9.162452470846480512e-01
1.068923783488101353e+00	3.230195856764728757e-01	9.170115636830514783e-01
1.068170313944753591e+00	3.358898860606585046e-01	9.180795763671699694e-01
1.067642759024792332e+00	3.484773537682646083e-01	9.195067566373958945e-01
1.067569477704812586e+00	3.609461845865989948e-01	9.211567370263643584e-01
1.068195094993386274e+00	3.737483116616125423e-01	9.226171717129550975e-01
1.069771095962464891e+00	3.876411304299083316e-01	9.231843538264490334e-01
1.077811030638168077e+00	3.827317087554061859e-01	9.477603876725068099e-01
1.074614745704989938e+00	3.691796374940881087e-01	9.470656802260257745e-01
1.072506010799165299e+00	3.566131538632870690e-01	9.455826055786357154e-01
1.071716146170077932e+00	3.442509760787066941e-01	9.438639347321747808e-01
1.072072625843209837e+00	3.317123949123230719e-01	9.422265509176630527e-01
1.073169279548567889e+00	3.188998019666042238e-01	9.408012231270727055e-01
1.074560402765590394e+00	3.058540527678095811e-01	9.395998038910834405e-01
1.075880701053897770e+00	2.926559365623965792e-01	9.385703896938174529e-01
1.076887719801881582e+00	2.793777004505974548e-01	9.376372923959329642e-01
1.077447099253669105e+00	2.660716683454417142e-01	9.367259087133644746e-01
1.077482856705786363e+00	2.527778656475366814e-01	9.357786297181489577e-01
1.076924645892786581e+00	2.395344242218009345e-01	9.347661101382985782e-01
1.075689746493983856e+00	2.263807863076351401e-01	9.336908997927407805e-01
1.073723438631436711e+00	2.133489762198217399e-01	9.325791744030110797e-01
1.071084199864261510e+00	2.004444929263742015e-01	9.314631837002393944e-01
1.068013362197330451e+00	1.876283789747734132e-01	9.303651879378348477e-01
1.064914251061550354e+00	1.748185297406201488e-01	9.292929862609080605e-01
1.062216217228428849e+00	1.619198263601428212e-01	9.282475630059822125e-01
1.060183361814959202e+00	1.488708297755036158e-01	9.272369621789071648e-01
1.058783782192717071e+00	1.356774522819710060e-01	9.262884020786465999e-01
1.057721422466309846e+00	1.224086334504386753e-01	9.254458156851167461e-01
1.056629932473940103e+00	1.091560970786585871e-01	9.247451318665709241e-01
1.055296280245221263e+00	9.598764377930006642e-02	9.241821540811606672e-01
1.053759564301292473e+00	8.292412502571526456e-02	9.236999634555587146e-01
1.052247344753214131e+00	6.994576950667011350e-02	9.232057761101730708e-01
1.051033122118871788e+00	5.701178306680867308e-02	9.226035637875991124e-01
1.050314736044467345e+00	4.407624462160866091e-02	9.218233650272236179e-01
1.050155492514221356e+00	3.109542230983099523e-02	9.208376219230831605e-01
1.050480036190148736e+00	1.803072029509451141e-02	9.196640199192670506e-01
1.051104049126074580e+00	4.852336446087547606e-03	9.183576321388201569e-01
1.051781813765266360e+00	-8.454454610441365994e-03	9.169955938255861527e-01
1.052259770439090136e+00	-2.188148401409453769e-02	9.156580109561935910e-01
1.052324926031281471e+00	-3.539115540509107927e-02	9.144095808421202065e-01
1.051838925732139218e+00	-4.891478330090814897e-02	9.132863570981055723e-01
1.054748538417173753e+00	-4.410040750331969267e-02	9.254344864175299001e-01
1.057614425170481987e+00	-3.927110714165961414e-02	9.375698936070074874e-01
1.057715300184409957e+00	-2.578415177023872518e-02	9.386841829557744932e-01
1.057331363230216814e+00	-1.237595731824291979e-02	9.398953879229482444e-01
1.056651838712746816e+00	9.146058775527486509e-04	9.411480674175940475e-01
1.055925432284193111e+00	1.407999921573998420e-02	9.423694975388502426e-01
1.055412184643317541e+00	2.713609448051269163e-02	9.434872366261325416e-01
1.055331292480495620e+00	4.011204358434680706e-02	9.444450036287405092e-01
1.055814440475538962e+00	5.304169872916564277e-02	9.452153760525000559e-01
1.056874649763760887e+00	6.595879037767386766e-02	9.458079555297497221e-01
1.058401547654084673e+00	7.889529708725762092e-02	9.462707293387893071e-01
1.060195523039497489e+00	9.187940380406139917e-02	9.466817936531686239e-01
1.062047211995419627e+00	1.049286881408800082e-01	9.471301690437141652e-01
1.063842039329309985e+00	1.180389156295800906e-01	9.476897627318401351e-01
1.065630098723912011e+00	1.311775351342160945e-01	9.483978398907847440e-01
1.067594888687533050e+00	1.442938798859392802e-01	9.492508942700289554e-01
1.069917271808510595e+00	1.573467984841354916e-01	9.502203758274432310e-01
1.072623217577400645e+00	1.703325290646092172e-01	9.512753130061636364e-01
1.075529943262816257e+00	1.832906625799287648e-01	9.523942807167965485e-01
1.078326591336261631e+00	1.962824623627170695e-01	9.535609829955706829e-01
1.080717538102929254e+00	2.093581568264850090e-01	9.547535948248769833e-01
1.082522867112054366e+00	2.225357132554962591e-01	9.559424500371200839e-01
1.083687164887427334e+00	2.357999100863529818e-01	9.571014565340270064e-01
1.084221943601102023e+00	2.491144668760003067e-01	9.582260365615529185e-01
1.084137861269636849e+00	2.624358876269741736e-01	9.593450878912639368e-01
1.083415048321512586e+00	2.757229372923515331e-01	9.605183888414327020e-01
1.082037507476340421e+00	2.889409577798774942e-01	9.618183118348985206e-01
1.080083669789135170e+00	3.020624663995479242e-01	9.633003304870465522e-01
1.077826313012781423e+00	3.150663758051983621e-01	9.649700658844173606e-01
1.075776555176850113e+00	3.279379634871532057e-01	9.667582080521195387e-01
1.074620527949059490e+00	3.406726377321530053e-01	9.685206644444648294e-01
1.075031902367775460e+00	3.533042239988372635e-01	9.700728816918394726e-01
1.077392939594555177e+00	3.660171676131703800e-01	9.712165336081364231e-01
1.081520876462845449e+00	3.793737103619850282e-01	9.716828807806939805e-01
1.084001642216701589e+00	3.753429120355308846e-01	9.944737275356344552e-01
1.080058682624047917e+00	3.624591893371164053e-01	9.943002178057734897e-01
1.078262888624362592e+00	3.497832811309796175e-01	9.934807424465526005e-01
1.078648561749747214e+00	3.370083687271072659e-01	9.920825325877727918e-01
1.080642768254592934e+00	3.241733524216084961e-01	9.903089621026716083e-01
1.083364548714019993e+00	3.113236453698622341e-01	9.884167764939008061e-01
1.086008085781918542e+00	2.984296463290709300e-01	9.866027832290044097e-01
1.088072167471147766e+00	2.854344907456730640e-01	9.849685860929801029e-01
1.089387540372946495e+00	2.723019341810752336e-01	9.835388883469303734e-01
1.090002865663263876e+00	2.590327577309288198e-01	9.822846166063252671e-01
1.090024529483643922e+00	2.456618458106590019e-01	9.811408778400553254e-01
1.089507801424236311e+00	2.322456675959429784e-01	9.800287364503655896e-01
1.088445958094177435e+00	2.188446267000145884e-01	9.788829515261487924e-01
1.086826048143045620e+00	2.055067166943911616e-01	9.776739491493176004e-01
1.084689841718669001e+00	1.922575401271587880e-01	9.764123625302363330e-01
1.082163241202407811e+00	1.790970764653192493e-01	9.751383377411328990e-01
1.079442064178934402e+00	1.660032665797755713e-01	9.739060396101595352e-01
1.076733706749966490e+00	1.529437960018747156e-01	9.727696971905211987e-01
1.074180363137306138e+00	1.398928299930590480e-01	9.717712078779756624e-01
1.071818383673941222e+00	1.268424569014909298e-01	9.709285128396371034e-01
1.069610661395442808e+00	1.138007869339029282e-01	9.702277225858478849e-01
1.067526052547985493e+00	1.007803965148401232e-01	9.696247837538041203e-01
1.065600522658425309e+00	8.778824095879585176e-02	9.690589610885591565e-01
1.063939209004344244e+00	7.482336118942976844e-02	9.684723429760260238e-01
1.062670081520316501e+00	6.187953157728896120e-02	9.678253977565662858e-01
1.061886355677092553e+00	4.894677058793110713e-02	9.671022599898573269e-01
1.061606817666377323e+00	3.600930222820046545e-02	9.663062431765279126e-01
1.061763133230874123e+00	2.304253914883342899e-02	9.654507055993031273e-01
1.062210103056799415e+00	1.001355816001475545e-02	9.645516045991666676e-01
1.062751303584738904e+00	-3.112157229993664249e-03	9.636258105895950665e-01
1.063173619638253520e+00	-1.635857165196873131e-02	9.626936946476511991e-01
1.063286398846085667e+00	-2.972588945653260872e-02	9.617790089891120608e-01
1.066128996154065645e+00	-2.505901662844686045e-02	9.738575527620775274e-01
1.068980339188424944e+00	-2.047180490528861113e-02	9.859511088367545195e-01
1.069016831702013670e+00	-7.299209058619555469e-03	9.863505378135857260e-01
1.068918796050434716e+00	5.755448896235292391e-03	9.867478324044156590e-01
1.068804726910525194e+00	1.873451505209925219e-02	9.872300622668929160e-01
1.068791942923527083e+00	3.168831870358969349e-02	9.878742060347901477e-01
1.068983926401175566e+00	4.465664927023397374e-02	9.887109087976084787e-01
1.069455497675943167e+00	5.765863017457260181e-02	9.897050747222942979e-01
1.070237684475072282e+00	7.069390809765035977e-02	9.907648910982823631e-01
1.071313879091072563e+00	8.375158542348627722e-02	9.917784334790978873e-01
1.072641888244838748e+00	9.681949837164723072e-02	9.926680055077446996e-01
1.074199619088897162e+00	1.098882703655512660e-01	9.934404957951201709e-01
1.076020547525936566e+00	1.229509797734456567e-01	9.941993122916338299e-01
1.078174265086703221e+00	1.360043478361492586e-01	9.950945731295041119e-01
1.080686398926199665e+00	1.490551381797244335e-01	9.962333132883404163e-01
1.083456475104180416e+00	1.621269786302527716e-01	9.976110870423383625e-01
1.086250306110386532e+00	1.752582707990929800e-01	9.991138884549954913e-01
1.088778429282012405e+00	1.884892844489576003e-01	1.000583125155387165e+00
1.090798217055883645e+00	2.018459524763782653e-01	1.001891924955620183e+00
1.092183628093160053e+00	2.153258432409518031e-01	1.002989230244425656e+00
1.092953951433112136e+00	2.288863346225280260e-01	1.003907811948149931e+00
1.093254255525991425e+00	2.424402216469360438e-01	1.004747777235089901e+00
1.093258899629098391e+00	2.558722960217582054e-01	1.005632978949717149e+00
1.093022495179327036e+00	2.690810177153797889e-01	1.006647137236415412e+00
1.092406332434521898e+00	2.820244859098940959e-01	1.007795795388062077e+00
1.091192615403968391e+00	2.947426238579566871e-01	1.009035505078779149e+00
1.089335725885967054e+00	3.073455113997287103e-01	1.010340527930296606e+00
1.087185727971518912e+00	3.199578543954889609e-01	1.011722667117096242e+00
1.085530979947494146e+00	3.325926314186274380e-01	1.013151360922788458e+00
1.085346101608530400e+00	3.450021375839423809e-01	1.014454457910664464e+00
1.087272686195509541e+00	3.567816944613561025e-01	1.015390174607518237e+00
1.091186971012646278e+00	3.680715008876239702e-01	1.015886673923831918e+00
1.100469227032522701e+00	3.636120040414120291e-01	1.038110663290441327e+00
1.096350399089607519e+00	3.524763971795156214e-01	1.036687859667399625e+00
1.093809538686705718e+00	3.407160327904909525e-01	1.035253498301829334e+00
1.092996518390452199e+00	3.282441613942256309e-01	1.033993042010984631e+00
1.093301394189940545e+00	3.156499908107333052e-01	1.033132464561526742e+00
1.093859722727786199e+00	3.032460510240606588e-01	1.032603342146203751e+00
1.094070391904582884e+00	2.909627702919450054e-01	1.032145560128858053e+00
1.093821956713886934e+00	2.785712026737581781e-01	1.031583455105524960e+00
1.093403173271950468e+00	2.658620527709434911e-01	1.030949019752487317e+00
1.093187217867304994e+00	2.527370615826539102e-01	1.030387836665489276e+00
1.093281743143522444e+00	2.392436578061643004e-01	1.029972529879295662e+00
1.093411689016382971e+00	2.255457641155773629e-01	1.029600467602937997e+00
1.093104200588203456e+00	2.118411019613720969e-01	1.029041619411829478e+00
1.091965330199442530e+00	1.982803675862830906e-01	1.028058875930957905e+00
1.089853732400152708e+00	1.849311956902850163e-01	1.026522474022062648e+00
1.086943144788440119e+00	1.717825440720745778e-01	1.024503869289757674e+00
1.083703253703745872e+00	1.587664889043222949e-01	1.022311761488649218e+00
1.080756105950895440e+00	1.457882866173937919e-01	1.020387592893219786e+00
1.078606181322401270e+00	1.327635535753651230e-01	1.019060088828551036e+00
1.077399141228474466e+00	1.196493182761060453e-01	1.018323167319786338e+00
1.076905507519958949e+00	1.064498835885928224e-01	1.017835243466061357e+00
1.076739217436573970e+00	9.319768097646674576e-02	1.017159363538531425e+00
1.076611643634985738e+00	7.993054060167702202e-02	1.016050063030610184e+00
1.076425768871485777e+00	6.668322326484908691e-02	1.014571010769374393e+00
1.076201321500925623e+00	5.348982804911577016e-02	1.013003743228559461e+00
1.075964853112590047e+00	4.038130711251756988e-02	1.011669906763533300e+00
1.075706616966104923e+00	2.737155591545633454e-02	1.010790183058520864e+00
1.075397562229415627e+00	1.444180731983336040e-02	1.010419711004392429e+00
1.075014781099245198e+00	1.537498000931907969e-03	1.010452820240371086e+00
1.074546830208042758e+00	-1.141661421290544876e-02	1.010681139390667171e+00
1.077261584353709889e+00	-6.344817673577783819e-03	1.025205931967957618e+00
1.079458932206740718e+00	-8.883759612144631179e-04	1.041495046668265978e+00
1.079145265884528415e+00	-1.821523301314133605e-03	1.038662680349774714e+00
1.080036699004276013e+00	1.260085492637660204e-02	1.038493208078686836e+00
1.080703889208385560e+00	2.710522989115889125e-02	1.039034730291105380e+00
1.081087137712912538e+00	4.176791564645981891e-02	1.040435262130227301e+00
1.081139597715766731e+00	5.659555540467162832e-02	1.042470545855891828e+00
1.080774001782532023e+00	7.154235244728118781e-02	1.044571308952281674e+00
1.079989644361176726e+00	8.480852940715752353e-02	1.045418269094743557e+00
1.078926951557497960e+00	9.806333396782278278e-02	1.045579233739862834e+00
1.077974166572382986e+00	1.112452879497130565e-01	1.045255295857466793e+00
1.077742687973724189e+00	1.242918506646506632e-01	1.045014138901058542e+00
1.078763747505365966e+00	1.371680050246086857e-01	1.045455767624626109e+00
1.081135591677561125e+00	1.498985457100308893e-01	1.046819779749280421e+00
1.084404025406992211e+00	1.625757094149784254e-01	1.048833297950869436e+00
1.087780861894762863e+00	1.753304812418160497e-01	1.050905770841743525e+00
1.090525315714116372e+00	1.882839436907431108e-01	1.052488936558310106e+00
1.092224376390134255e+00	2.015031418737530944e-01	1.053325346570698207e+00
1.092870092150657779e+00	2.149712859375908225e-01	1.053473153930290174e+00
1.092801524499871002e+00	2.285744350074195297e-01	1.053190107300420841e+00
1.092565601183861590e+00	2.421188110481497791e-01	1.052786171848425267e+00
1.092565601183861590e+00	2.421188110481497791e-01	1.052786171848425267e+00
1.092803679627071922e+00	2.286417234379801433e-01	1.052689688025028270e+00
1.092879399888297964e+00	2.151005710227968937e-01	1.052466888609954410e+00
1.092243304325353437e+00	2.016863533117105034e-01	1.051809859238883815e+00
1.090551924627711111e+00	1.885119159997629412e-01	1.050462692477655446e+00
1.087807716279828307e+00	1.755942947924616637e-01	1.048368073180337534e+00
1.084417286047700602e+00	1.628678118054388557e-01	1.045782557358309495e+00
1.081115207655683363e+00	1.502135605091521608e-01	1.043252689631798180e+00
1.078685261991937372e+00	1.375031293715248126e-01	1.041368092433230030e+00
1.077578877450889649e+00	1.246470589375852228e-01	1.040401477957264786e+00
1.077695962974089428e+00	1.116234221953446570e-01	1.040112827742752044e+00
1.078507646190196123e+00	9.846956886542858334e-02	1.039903293739390833e+00
1.079415068863301519e+00	8.524887566665809158e-02	1.039212388892561734e+00
1.080052276189687577e+00	7.202196453431188028e-02	1.037851646714410547e+00
1.080336814875550555e+00	5.883940897651260965e-02	1.036051144639010380e+00
1.080327746102811348e+00	4.574592439959911799e-02	1.034257211024473655e+00
1.080085805681402888e+00	3.277597850079425057e-02	1.032881820101757553e+00
1.079638105890683208e+00	1.993700993436873375e-02	1.032147159473180142e+00
1.079007669801623992e+00	7.195043633850173662e-03	1.032044328673114242e+00
1.078237219215531173e+00	-5.522210151693414393e-03	1.032375815576896505e+00
1.077381631583838484e+00	-1.830255564292785145e-02	1.032850077650683263e+00
1.076481436399908898e+00	-3.121693661326755548e-02	1.033189797737191107e+00
1.075539596207498283e+00	-4.429261109243723404e-02	1.033210359742194884e+00
1.074517093066553519e+00	-5.750461848658677128e-02	1.032840612029730432e+00
1.073349782008323094e+00	-7.079144293047749670e-02	1.032088738837628084e+00
1.071975882760335397e+00	-8.409179638152994296e-02	1.030982841867650102e+00
1.070358693423100194e+00	-9.738878190238620114e-02	1.029525437287603706e+00
1.068498939157087824e+00	-1.107371361163232842e-01	1.027695252138402182e+00
1.066439961073128995e+00	-1.242431097918221955e-01	1.025513260191216691e+00
1.064247056072480158e+00	-1.379646065485833073e-01	1.023143064387782353e+00
1.061912675985106969e+00	-1.517141388344772635e-01	1.020904301629535604e+00
1.059182009542302572e+00	-1.648527790222110434e-01	1.019077737832254860e+00
1.055462893988730722e+00	-1.763776504140447954e-01	1.017678365262818074e+00
1.050119325113478164e+00	-1.855364397732942594e-01	1.016530634391813015e+00
1.042973387960947740e+00	-1.925688385798104696e-01	1.015501902034730231e+00
1.034469729705173702e+00	-1.989989712251860610e-01	1.014576002012109956e+00
