0.872917 0.441979 1.00228
0.873756 0.428371 1.00173
0.874851 0.414866 1.00121
0.876291 0.401425 1.00077
0.878103 0.388003 1.00043
0.880248 0.374552 1.0002
0.882635 0.361029 1.00007
0.885131 0.347402 1.00003
0.887587 0.333652 1.00004
0.889865 0.319779 1.00007
0.891868 0.305798 1.00008
0.893562 0.291743 1.00005
0.89498 0.27766 0.999994
0.896218 0.263601 0.999929
0.897396 0.249622 0.99988
0.898618 0.235774 0.99984
0.899929 0.222096 0.999753
0.901293 0.208604 0.99951
0.902601 0.195286 0.998979
0.90371 0.182093 0.99804
0.904497 0.168945 0.99663
0.904905 0.155747 0.994783
0.904977 0.142417 0.992638
0.904863 0.128923 0.990434
0.904795 0.115325 0.988488
0.905032 0.1018 0.987135
0.9058 0.0886185 0.986654
0.907273 0.0759526 0.987191
0.91764 0.0761873 0.978363
0.927936 0.076968 0.969691
0.937833 0.0783768 0.960832
0.947214 0.0802494 0.951523
0.95609 0.0823105 0.94162
0.964535 0.0842972 0.931106
0.972637 0.0860331 0.920068
0.980454 0.0874527 0.908642
0.987964 0.0885864 0.896961
0.995033 0.0895281 0.885113
1.00142 0.090396 0.873132
1.00686 0.0912969 0.861005
1.01113 0.0922971 0.848702
1.0141 0.0934082 0.836193
1.01575 0.0945886 0.823455
1.01616 0.0957594 0.81048
1.01546 0.0968266 0.797267
1.01384 0.0977086 0.783825
1.01152 0.0983609 0.770178
1.00874 0.0987859 0.756365
1.00571 0.0990219 0.742446
1.00253 0.0991189 0.728506
0.999188 0.0991196 0.714653
0.995601 0.0990573 0.701
0.991637 0.0989637 0.687654
0.987193 0.0988758 0.674684
0.982228 0.0988341 0.66211
0.97678 0.0988769 0.649895
0.970952 0.0990324 0.637959
0.96489 0.0993131 0.626189
0.958744 0.0997115 0.614467
0.952621 0.100198 0.602695
0.946558 0.100724 0.590824
0.940496 0.101226 0.578868
0.934286 0.101644 0.566919
0.927721 0.101938 0.555131
0.920588 0.102096 0.543691
0.912724 0.102146 0.532766
0.904085 0.102134 0.522439
0.894809 0.102102 0.512627
0.885272 0.102077 0.503028
0.876095 0.102064 0.493111
0.875467 0.117852 0.492928
0.875034 0.134117 0.492594
0.884077 0.134352 0.502686
0.893425 0.134625 0.512483
0.902509 0.134854 0.522461
0.910992 0.134975 0.532889
0.918741 0.134945 0.543847
0.925783 0.134744 0.555276
0.932243 0.134387 0.567045
0.938303 0.133918 0.578999
0.944149 0.1334 0.591
0.949931 0.132903 0.602958
0.955733 0.132481 0.614843
0.961564 0.132166 0.626683
0.967364 0.131962 0.63855
0.973033 0.131846 0.650538
0.978457 0.131777 0.662747
0.983548 0.131708 0.675258
0.988271 0.1316 0.688121
0.992657 0.131439 0.701342
0.996802 0.131238 0.714882
1.00082 0.131024 0.728666
1.00477 0.130815 0.742591
1.00856 0.13058 0.756546
1.01197 0.130237 0.770423
1.01464 0.129686 0.784134
1.01625 0.128865 0.797614
1.01656 0.127787 0.810831
1.01548 0.126532 0.823778
1.01305 0.125215 0.836471
1.00937 0.123942 0.848945
1.0046 0.122788 0.861243
0.99894 0.121783 0.87341
0.992607 0.120898 0.885481
0.985795 0.120051 0.897454
0.978627 0.119129 0.909284
0.971134 0.11802 0.920871
0.963263 0.116661 0.93208
0.954915 0.115068 0.942772
0.945991 0.113351 0.952839
0.936431 0.111686 0.962241
0.926258 0.110253 0.971039
0.915626 0.109162 0.979417
0.904866 0.10839 0.9877
0.904833 0.125307 0.989875
0.904978 0.142126 0.992587
0.915214 0.142974 0.983774
0.925417 0.144092 0.974824
0.935271 0.145456 0.965447
0.944589 0.14695 0.955485
0.953297 0.148417 0.944904
0.961408 0.149716 0.933758
0.968992 0.150775 0.922155
0.976143 0.151611 0.910224
0.98295 0.152318 0.898092
0.989456 0.153027 0.885852
0.995636 0.15386 0.873555
1.00138 0.154893 0.861205
1.0065 0.156129 0.848771
1.01072 0.157503 0.836199
1.01378 0.158894 0.823434
1.01541 0.160156 0.810432
1.0155 0.161162 0.797169
1.01406 0.161849 0.783655
1.01137 0.162258 0.769933
1.00783 0.162515 0.756081
1.00386 0.16277 0.742198
0.999758 0.163112 0.728388
0.995628 0.163543 0.714742
0.991422 0.163997 0.701333
0.987035 0.164394 0.688202
0.982382 0.164684 0.675366
0.977427 0.16486 0.662812
0.972188 0.164957 0.650502
0.966718 0.165031 0.638383
0.961079 0.165144 0.626392
0.955319 0.165348 0.61447
0.949455 0.165669 0.602579
0.943457 0.166106 0.590708
0.937255 0.166626 0.578884
0.930746 0.167176 0.56717
0.923825 0.167694 0.55565
0.91641 0.16812 0.544414
0.908471 0.168416 0.533521
0.90006 0.168573 0.522971
0.891339 0.168616 0.512661
0.88261 0.168604 0.502349
0.87433 0.168618 0.491646
0.873906 0.186573 0.491146
0.873393 0.204638 0.490764
0.880965 0.204063 0.501929
0.889097 0.203487 0.512654
0.897445 0.202895 0.52326
0.905752 0.202267 0.533959
0.913844 0.201602 0.544862
0.921623 0.200924 0.555999
0.929042 0.200273 0.567354
0.936095 0.1997 0.57889
0.942804 0.199246 0.590568
0.949205 0.198935 0.602359
0.955338 0.198764 0.614249
0.961228 0.198704 0.626243
0.966885 0.1987 0.638357
0.972296 0.198687 0.650614
0.977432 0.198596 0.663042
0.982259 0.198375 0.675669
0.986745 0.197999 0.688513
0.990887 0.197482 0.701587
0.994712 0.196878 0.714885
0.99828 0.196269 0.728388
1.00163 0.19573 0.742052
1.00473 0.195293 0.755811
1.0074 0.194908 0.769583
1.00936 0.194465 0.783281
1.01027 0.193843 0.796832
1.00993 0.192982 0.810191
1.00825 0.191907 0.823342
1.00536 0.190716 0.836297
1.00145 0.189538 0.849084
0.996742 0.188482 0.86174
0.991443 0.187606 0.874296
0.985672 0.186903 0.886765
0.979479 0.186295 0.899138
0.972862 0.185667 0.911379
0.965785 0.184891 0.923424
0.958205 0.183868 0.93519
0.950088 0.182565 0.946582
0.941442 0.181028 0.957521
0.932334 0.179377 0.967976
0.922916 0.177761 0.977988
0.913423 0.176309 0.987699
0.904175 0.17509 0.997347
0.902947 0.191476 0.998754
0.901352 0.208022 0.999495
0.909542 0.209491 0.989376
0.918205 0.211151 0.979316
0.92704 0.21293 0.969133
0.935807 0.21472 0.958715
0.944328 0.216411 0.948022
0.952488 0.217918 0.937064
0.960201 0.219203 0.925868
0.967385 0.220272 0.914447
0.973951 0.221168 0.902789
0.97982 0.22195 0.890875
0.984947 0.222683 0.878704
0.989337 0.223427 0.866302
0.993023 0.224215 0.853713
0.996039 0.225051 0.840975
0.998403 0.225907 0.828111
1.00012 0.226738 0.815128
1.0012 0.2275 0.802025
1.00165 0.228172 0.78881
1.0015 0.228762 0.775511
1.00077 0.229302 0.762175
0.999456 0.229834 0.748864
0.997556 0.230383 0.735641
0.995042 0.230947 0.722554
0.991912 0.2315 0.709634
0.988199 0.232003 0.696888
0.983976 0.232414 0.684311
0.979336 0.232706 0.671888
0.97437 0.232865 0.659606
0.969141 0.232906 0.647456
0.963682 0.232861 0.635435
0.95799 0.232785 0.623542
0.952045 0.232739 0.611778
0.945824 0.232785 0.600138
0.939313 0.232974 0.588616
0.932515 0.233335 0.57721
0.925447 0.233874 0.565925
0.918132 0.23457 0.554784
0.910595 0.23539 0.543821
0.902866 0.236295 0.533067
0.895002 0.237257 0.522518
0.887107 0.238256 0.512102
0.879354 0.239272 0.501651
0.871986 0.240262 0.490891
0.871021 0.25765 0.49153
0.869901 0.274752 0.492398
0.877892 0.273705 0.502569
0.885934 0.272623 0.512623
0.893796 0.271569 0.522853
0.901379 0.270574 0.533403
0.908691 0.269665 0.544287
0.915799 0.268876 0.555436
0.922775 0.268243 0.566752
0.929647 0.267795 0.578158
0.936384 0.267536 0.589626
0.942919 0.26744 0.601173
0.949189 0.267456 0.612838
0.955175 0.267518 0.624653
0.960915 0.26756 0.636622
0.966479 0.267537 0.648725
0.971926 0.267423 0.660927
0.977249 0.267221 0.673201
0.982357 0.266953 0.68554
0.987075 0.266648 0.697963
0.99119 0.266331 0.710502
0.994494 0.266011 0.723192
0.996834 0.265681 0.736052
0.998145 0.26532 0.749075
0.998471 0.264904 0.762225
0.99795 0.264419 0.775447
0.996788 0.26386 0.788689
0.995203 0.263231 0.801922
0.993383 0.262544 0.815143
0.991435 0.261813 0.828362
0.989351 0.26105 0.841576
0.987 0.260257 0.854734
0.98415 0.259419 0.867734
0.980529 0.258505 0.880427
0.975908 0.257473 0.892668
0.970195 0.256289 0.904382
0.963465 0.254944 0.915602
0.95594 0.253453 0.92646
0.947889 0.251846 0.937115
0.939532 0.25016 0.947671
0.931016 0.248431 0.958158
0.922446 0.246698 0.968571
0.91395 0.245008 0.978929
0.905729 0.243405 0.98931
0.898062 0.241926 0.999861
0.896584 0.25926 0.999911
0.895067 0.276742 0.999988
0.90248 0.278057 0.989307
0.910439 0.279413 0.978887
0.918691 0.280825 0.968577
0.927079 0.282318 0.958288
0.935519 0.283908 0.94799
0.943924 0.285588 0.937672
0.952124 0.287315 0.927264
0.959836 0.289016 0.916595
0.966724 0.290609 0.90544
0.972549 0.292031 0.89363
0.977305 0.293259 0.881154
0.981242 0.29431 0.868163
0.984764 0.295216 0.854893
0.988247 0.296008 0.841572
0.991867 0.296706 0.828345
0.995502 0.29733 0.815253
0.99878 0.297903 0.802256
1.00124 0.29845 0.789279
1.00254 0.298977 0.776269
1.0025 0.299465 0.763222
1.00117 0.299883 0.750192
0.998683 0.300216 0.737253
0.995233 0.300484 0.724459
0.991013 0.30073 0.711821
0.986212 0.301001 0.699309
0.981026 0.301322 0.68687
0.975644 0.301683 0.67446
0.970206 0.30205 0.66207
0.964748 0.302376 0.649738
0.959188 0.302625 0.637542
0.953372 0.302787 0.625563
0.947172 0.302883 0.613842
0.940568 0.302964 0.602348
0.933669 0.303085 0.590986
0.926668 0.303299 0.579644
0.919741 0.303631 0.56825
0.912952 0.304081 0.556824
0.906211 0.30463 0.545484
0.89932 0.305254 0.534398
0.892064 0.305934 0.523709
0.884318 0.306659 0.513455
0.876119 0.307415 0.503516
0.867705 0.308159 0.493586
0.866924 0.324518 0.493423
0.86636 0.340768 0.492844
0.874529 0.340518 0.503128
0.882363 0.340283 0.513478
0.889646 0.340073 0.524171
0.896388 0.339871 0.535304
0.902772 0.339657 0.546818
0.909089 0.339417 0.55855
0.915625 0.339153 0.570297
0.922545 0.338879 0.581895
0.929831 0.338608 0.593276
0.937289 0.338343 0.604497
0.944637 0.338065 0.615706
0.951613 0.33774 0.627084
0.958064 0.337334 0.638769
0.963984 0.336833 0.650803
0.969465 0.336255 0.663139
0.974633 0.335649 0.675683
0.979611 0.335068 0.688352
0.984536 0.334543 0.701098
0.989571 0.334071 0.713913
0.994828 0.333611 0.726799
1.00021 0.333112 0.739743
1.00525 0.332547 0.752701
1.00917 0.331948 0.765591
1.01117 0.331384 0.778336
1.01071 0.330912 0.790904
1.00778 0.330527 0.803348
1.00287 0.33016 0.815788
0.996848 0.329721 0.828358
0.990594 0.329138 0.841141
0.984688 0.32838 0.854122
0.979226 0.327446 0.867181
0.973919 0.326344 0.880119
0.968339 0.32508 0.892716
0.962151 0.323667 0.904814
0.955239 0.322145 0.91637
0.947697 0.32058 0.927459
0.939726 0.31905 0.938199
0.931508 0.317621 0.948689
0.923169 0.316319 0.958985
0.914797 0.315132 0.96914
0.906509 0.314012 0.979255
0.8985 0.312896 0.989497
0.891057 0.311736 1.00008
0.888367 0.329067 1.00005
0.885347 0.346212 1.00003
0.893138 0.347347 0.989657
0.901575 0.348366 0.979731
0.910296 0.349323 0.96997
0.919018 0.350289 0.960119
0.927553 0.351325 0.949989
0.935778 0.352466 0.939466
0.94361 0.353709 0.928501
0.950983 0.355023 0.91708
0.957853 0.356362 0.905213
0.964249 0.357681 0.892938
0.970312 0.358943 0.880334
0.976296 0.360115 0.86752
0.982482 0.36116 0.854632
0.989004 0.362042 0.841799
0.99566 0.362737 0.829115
1.00183 0.363258 0.816616
1.00665 0.363661 0.80427
1.0093 0.364034 0.791986
1.00931 0.36446 0.779654
1.00674 0.36498 0.767184
1.00225 0.365576 0.754529
0.996905 0.366197 0.741683
0.99169 0.366804 0.728675
0.987087 0.367403 0.715563
0.98301 0.368026 0.702428
0.979046 0.368698 0.689363
0.974729 0.369411 0.67648
0.969722 0.370123 0.663903
0.963869 0.37078 0.651739
0.957187 0.371348 0.640027
0.94984 0.371833 0.628691
0.942111 0.372271 0.61754
0.934341 0.3727 0.606332
0.926836 0.373133 0.594877
0.919778 0.373541 0.58311
0.913188 0.373878 0.571103
0.906936 0.374097 0.559019
0.90079 0.374181 0.547053
0.894486 0.374143 0.535374
0.887794 0.374021 0.524092
0.880577 0.37386 0.513229
0.872845 0.3737 0.502686
0.864801 0.373556 0.492201
0.863252 0.390287 0.492873
0.861193 0.40723 0.494119
0.869744 0.40743 0.504362
0.878144 0.407634 0.514589
0.886156 0.407817 0.525067
0.893724 0.40794 0.5359
0.900906 0.407957 0.547091
0.90783 0.407832 0.558586
0.914658 0.407554 0.570285
0.921552 0.407148 0.582056
0.928644 0.406677 0.593761
0.935978 0.406209 0.605313
0.94348 0.405789 0.616726
0.950956 0.405417 0.628124
0.958143 0.405051 0.639692
0.964772 0.404636 0.651596
0.970623 0.404137 0.663912
0.975583 0.40356 0.676611
0.979686 0.40295 0.689587
0.983146 0.402356 0.7027
0.986311 0.401806 0.715822
0.989521 0.401292 0.728857
0.992923 0.400787 0.741752
0.996324 0.40027 0.754497
0.999197 0.399735 0.767128
1.00088 0.399186 0.779715
1.00083 0.398621 0.792337
0.998893 0.398011 0.805061
0.995261 0.397314 0.817918
0.990422 0.396495 0.8309
0.98493 0.395541 0.843961
0.9792 0.394465 0.857027
0.97341 0.3933 0.870015
0.967542 0.392082 0.882839
0.961476 0.390841 0.895411
0.955071 0.389603 0.907648
0.948214 0.388391 0.919465
0.940829 0.387232 0.930793
0.932881 0.386147 0.941584
0.924381 0.385143 0.951834
0.915402 0.384202 0.961612
0.906099 0.383279 0.971072
0.896731 0.382307 0.98046
0.887663 0.38122 0.990086
0.879348 0.379968 1.00028
0.876887 0.396685 1.00064
0.874987 0.413403 1.00117
0.883708 0.414806 0.990963
0.893279 0.416025 0.981422
0.903151 0.417098 0.972181
0.912881 0.418088 0.962905
0.922165 0.419063 0.953335
0.930841 0.42007 0.94331
0.938859 0.421134 0.93276
0.946252 0.422254 0.921685
0.953096 0.423414 0.910117
0.95949 0.424594 0.898104
0.96553 0.425775 0.885692
0.971296 0.426945 0.872928
0.976826 0.428093 0.859864
0.982082 0.429206 0.846571
0.986917 0.43027 0.833136
0.991074 0.431269 0.819659
0.994244 0.432189 0.806236
0.99618 0.433025 0.792944
0.996798 0.433776 0.779826
0.996201 0.434443 0.766883
0.994625 0.435032 0.754077
0.992345 0.435557 0.741347
0.989579 0.43604 0.728623
0.986441 0.436505 0.715846
0.98294 0.436967 0.702985
0.979022 0.437417 0.690053
0.974628 0.437828 0.677113
0.969734 0.438163 0.664267
0.964348 0.438404 0.651631
0.958493 0.438568 0.6393
0.9522 0.438704 0.627307
0.945517 0.438874 0.615618
0.938511 0.439119 0.604158
0.931251 0.43945 0.592851
0.923793 0.439836 0.58165
0.916158 0.440227 0.570554
0.908335 0.440571 0.559584
0.900294 0.440836 0.548771
0.891994 0.44102 0.538142
0.883402 0.441143 0.527711
0.874532 0.441236 0.517455
0.865501 0.441329 0.507265
0.856583 0.441438 0.496881
0.854357 0.458549 0.498122
0.852258 0.47554 0.499311
0.861145 0.474953 0.509979
0.870356 0.474429 0.520337
0.87959 0.473964 0.530642
0.888677 0.473539 0.541009
0.89754 0.473135 0.551465
0.906139 0.472747 0.562005
0.91444 0.472388 0.572632
0.922395 0.472084 0.583366
0.929954 0.471863 0.59425
0.937074 0.47174 0.605342
0.943729 0.47171 0.616709
0.949927 0.471744 0.62841
0.955711 0.471798 0.640468
0.961151 0.471819 0.652857
0.966323 0.471766 0.665498
0.971277 0.471611 0.678276
0.97601 0.471351 0.691076
0.980471 0.470995 0.703821
0.984566 0.470556 0.716484
0.988172 0.470043 0.729095
0.991145 0.469457 0.741725
0.993332 0.468794 0.75446
0.994585 0.46805 0.767379
0.994785 0.467232 0.780528
0.993863 0.466355 0.793913
0.991827 0.465438 0.807491
0.98877 0.464505 0.821175
0.984853 0.463566 0.834848
0.980265 0.462623 0.84838
0.975176 0.461665 0.86165
0.969704 0.460674 0.874565
0.963909 0.459636 0.887074
0.957802 0.458547 0.899157
0.951348 0.457415 0.910818
0.944479 0.456263 0.922063
0.937106 0.455123 0.93289
0.929132 0.454022 0.943293
0.920493 0.452975 0.953279
0.9112 0.45197 0.962901
0.9014 0.450963 0.972298
0.891412 0.449886 0.98171
0.88174 0.448668 0.991471
0.873021 0.447261 1.00196
0.873368 0.464627 1.00081
0.873532 0.482023 0.999492
0.88203 0.483158 0.988766
0.891527 0.484135 0.978775
0.901345 0.485034 0.969152
0.910975 0.485939 0.959591
0.920118 0.486909 0.949891
0.928663 0.487965 0.939948
0.93662 0.489089 0.929716
0.944053 0.49024 0.919171
0.951023 0.491368 0.908281
0.957572 0.492431 0.897004
0.963708 0.493401 0.885294
0.969415 0.494272 0.873123
0.97465 0.495063 0.860494
0.979345 0.495809 0.847459
0.983412 0.496561 0.834116
0.986739 0.497361 0.820592
0.989212 0.498232 0.807022
0.990736 0.499168 0.793525
0.991255 0.500136 0.780185
0.990768 0.501088 0.767044
0.989326 0.501974 0.754098
0.987031 0.502754 0.741309
0.98401 0.503402 0.728614
0.980407 0.503905 0.715954
0.97635 0.504265 0.703288
0.971942 0.504494 0.690616
0.96725 0.504613 0.677976
0.9623 0.504644 0.665442
0.95709 0.504609 0.653099
0.951591 0.504526 0.641019
0.945764 0.504418 0.629242
0.939569 0.504313 0.61777
0.932968 0.504249 0.60657
0.925937 0.504262 0.595587
0.918469 0.504381 0.58476
0.910582 0.504618 0.574036
0.902316 0.504962 0.563384
0.893719 0.505392 0.552804
0.884842 0.505887 0.542324
0.875748 0.506439 0.531981
0.866544 0.507051 0.521764
0.857423 0.507736 0.511559
0.848708 0.5085 0.501088
0.847332 0.524166 0.501346
0.846243 0.539416 0.501069
0.854625 0.53919 0.511402
0.863506 0.539033 0.521463
0.872546 0.538852 0.531566
0.881534 0.538603 0.541851
0.890351 0.538285 0.552337
0.898927 0.537934 0.562981
0.907208 0.537597 0.573731
0.915151 0.537321 0.584554
0.922723 0.537129 0.595448
0.92991 0.537019 0.606439
0.936713 0.536973 0.617569
0.943133 0.536963 0.628887
0.949163 0.536973 0.640439
0.954786 0.536996 0.652254
0.959981 0.537032 0.664339
0.964734 0.537071 0.676675
0.969046 0.537088 0.689221
0.972935 0.537031 0.701924
0.976417 0.536841 0.714733
0.979491 0.536465 0.727615
0.982122 0.535875 0.740557
0.984241 0.535083 0.75357
0.985751 0.534134 0.766673
0.986553 0.533102 0.779885
0.986559 0.532072 0.793202
0.985716 0.531117 0.806594
0.984012 0.530279 0.819995
0.981467 0.529559 0.833312
0.978127 0.528916 0.84643
0.974039 0.528287 0.859237
0.96925 0.527603 0.871642
0.963804 0.526815 0.883589
0.957742 0.525898 0.895062
0.951107 0.524859 0.906087
0.943935 0.523731 0.916715
0.936249 0.522562 0.927008
0.92805 0.521412 0.937023
0.919328 0.520334 0.946812
0.910099 0.519363 0.956432
0.900479 0.518498 0.965984
0.890756 0.517689 0.97565
0.881437 0.516854 0.985721
0.873222 0.515902 0.996574
0.872984 0.531938 0.99529
0.872984 0.547475 0.994432
0.882312 0.548886 0.982794
0.892727 0.550165 0.971959
0.903371 0.551382 0.961429
0.913748 0.552635 0.950896
0.923639 0.553977 0.940203
0.932966 0.555404 0.92927
0.927949 0.545045 0.935645
0.922734 0.534853 0.942019
0.917407 0.524755 0.948454
0.912008 0.514694 0.954989
0.906538 0.504622 0.961625
0.900976 0.494495 0.968334
0.895303 0.484269 0.975069
0.889535 0.473908 0.981799
0.883758 0.463394 0.988528
0.87814 0.452739 0.995317
0.872917 0.441979 1.00228
0.881048 0.446351 0.992318
0.890055 0.450536 0.982975
0.899396 0.45457 0.973931
0.908618 0.458516 0.964904
0.917412 0.462445 0.955691
0.92563 0.466408 0.946187
0.933255 0.470427 0.936365
0.940354 0.474489 0.926243
0.94702 0.478563 0.915841
0.95333 0.482604 0.90516
0.959322 0.486574 0.894178
0.964987 0.490445 0.88286
0.970271 0.494207 0.871177
0.97509 0.497872 0.859132
0.979337 0.501474 0.846765
0.982897 0.505059 0.834154
0.985661 0.508678 0.821403
0.987536 0.51237 0.808611
0.988469 0.51615 0.795863
0.98846 0.520003 0.78321
0.987569 0.523885 0.770664
0.985908 0.527734 0.758208
0.983626 0.53148 0.745806
0.980878 0.535059 0.733421
0.977791 0.538434 0.721037
0.974436 0.541602 0.708669
0.970822 0.544603 0.696362
0.966905 0.547505 0.684181
0.962619 0.550385 0.672194
0.957905 0.553308 0.660447
0.952726 0.556316 0.648962
0.947071 0.559434 0.63773
0.940945 0.562676 0.62672
0.934358 0.56606 0.615889
0.927325 0.569601 0.605196
0.919872 0.5733 0.594601
0.912051 0.577134 0.584077
0.903946 0.581038 0.573602
0.895667 0.584912 0.563156
0.887343 0.588635 0.552719
0.879117 0.592103 0.542252
0.871143 0.595269 0.531691
0.863611 0.598194 0.520923
0.856773 0.601073 0.509762
0.850969 0.604241 0.497923
0.849119 0.583711 0.501116
0.848741 0.566072 0.503665
0.848741 0.566072 0.503665
0.856922 0.567061 0.514273
0.865552 0.568105 0.524711
0.874344 0.569 0.535221
0.883136 0.569649 0.545889
0.891836 0.570044 0.556714
0.900378 0.570238 0.567658
0.908702 0.570311 0.578689
0.916749 0.570336 0.589791
0.924463 0.570365 0.60097
0.931797 0.570427 0.612253
0.93871 0.570532 0.623676
0.94516 0.570684 0.63528
0.951095 0.570893 0.647104
0.956465 0.57117 0.659178
0.961231 0.57152 0.671517
0.965382 0.571926 0.684116
0.968946 0.572341 0.696953
0.97198 0.572692 0.709992
0.974557 0.572899 0.723188
0.976735 0.572901 0.736502
0.978534 0.572678 0.749902
0.979925 0.572264 0.763367
0.980838 0.571734 0.776882
0.981182 0.571181 0.790428
0.98087 0.570684 0.803971
0.979835 0.570288 0.817462
0.978032 0.569988 0.830832
0.975438 0.569739 0.843998
0.972038 0.569469 0.856875
0.967826 0.569106 0.86939
0.962806 0.568596 0.881491
0.957 0.567918 0.893155
0.950455 0.567086 0.904391
0.943236 0.566143 0.915239
0.935423 0.565148 0.925756
0.927088 0.564157 0.936003
0.918284 0.563209 0.946035
0.909053 0.562312 0.955899
0.899475 0.561439 0.965662
0.889758 0.560522 0.975467
0.880352 0.559494 0.985592
0.880761 0.543898 0.984566
0.881791 0.528183 0.984244
0.891139 0.528677 0.974282
0.900851 0.52914 0.964691
0.91045 0.529654 0.955197
0.919672 0.530266 0.94563
0.928405 0.530977 0.935896
0.936625 0.531752 0.925937
0.944323 0.532538 0.915698
0.951483 0.533276 0.905118
0.958071 0.533918 0.894136
0.964049 0.53443 0.882704
0.969378 0.534809 0.870804
0.974027 0.535078 0.858453
0.977964 0.535293 0.845707
0.981158 0.535522 0.832657
0.98357 0.535831 0.819408
0.985171 0.536261 0.80607
0.985947 0.53681 0.792732
0.985918 0.537435 0.779459
0.985136 0.538058 0.766283
0.983684 0.538595 0.75321
0.98165 0.538971 0.740228
0.979118 0.539141 0.727323
0.976143 0.5391 0.714488
0.972749 0.538877 0.701736
0.968932 0.538527 0.689099
0.964675 0.538111 0.676624
0.959969 0.537675 0.664358
0.954817 0.537244 0.652338
0.949241 0.536824 0.640584
0.943264 0.536414 0.629088
0.936909 0.536017 0.617824
0.930183 0.535651 0.606749
0.923082 0.535343 0.595817
0.915605 0.535114 0.584986
0.907763 0.534971 0.57423
0.899583 0.534895 0.563547
0.891105 0.534851 0.552967
0.882378 0.534799 0.542539
0.873467 0.534712 0.532306
0.86448 0.534594 0.522256
0.855614 0.534482 0.512265
0.847187 0.534448 0.502039
0.848499 0.51909 0.50228
0.850083 0.503236 0.502011
0.858961 0.502857 0.512618
0.868197 0.502562 0.522983
0.877479 0.502346 0.533367
0.886624 0.502195 0.543874
0.895535 0.502105 0.554508
0.904149 0.502084 0.565237
0.912414 0.502156 0.57604
0.920279 0.502341 0.586927
0.927705 0.502646 0.597935
0.934681 0.503056 0.609121
0.941219 0.503539 0.620547
0.947352 0.504053 0.632261
0.953122 0.504562 0.644288
0.958571 0.505038 0.656612
0.963735 0.505461 0.669182
0.968629 0.505813 0.681919
0.973243 0.506073 0.694743
0.977533 0.506215 0.707589
0.981421 0.506219 0.720435
0.984793 0.506069 0.733295
0.987519 0.505767 0.746219
0.989463 0.50533 0.759267
0.990508 0.504793 0.772493
0.990575 0.504207 0.785918
0.989634 0.503632 0.799525
0.98771 0.503117 0.813249
0.984873 0.502689 0.826984
0.981224 0.502338 0.840597
0.976866 0.502027 0.853947
0.97189 0.501699 0.866915
0.966366 0.501303 0.879421
0.960342 0.500806 0.891436
0.95385 0.5002 0.902976
0.946897 0.499504 0.914088
0.939469 0.498758 0.924824
0.931522 0.498015 0.935234
0.923002 0.497328 0.945356
0.913879 0.496735 0.955234
0.904223 0.49624 0.964954
0.894276 0.495801 0.974688
0.884512 0.495339 0.984719
0.885817 0.478378 0.985153
0.886851 0.461316 0.985484
0.896823 0.461979 0.975803
0.90681 0.46256 0.966298
0.916396 0.463133 0.956685
0.925365 0.463748 0.946786
0.933665 0.464425 0.936519
0.941341 0.465149 0.925854
0.948482 0.465889 0.914786
0.955177 0.46661 0.903303
0.961493 0.467284 0.891387
0.967467 0.467896 0.879022
0.973099 0.468451 0.866211
0.978346 0.468967 0.852991
0.983112 0.469469 0.839449
0.987255 0.469976 0.825704
0.990598 0.470496 0.811894
0.992972 0.471019 0.798153
0.994258 0.471521 0.784584
0.994414 0.471973 0.771248
0.993477 0.472353 0.758157
0.99155 0.472647 0.745274
0.988776 0.472854 0.732525
0.985317 0.472978 0.719822
0.981328 0.473022 0.707084
0.976947 0.472982 0.694268
0.97228 0.472848 0.681382
0.967388 0.47261 0.668493
0.962283 0.47227 0.65571
0.956922 0.47185 0.643153
0.951227 0.47139 0.630916
0.94512 0.470942 0.619037
0.938549 0.470555 0.607502
0.931502 0.470264 0.596254
0.924005 0.470076 0.585228
0.916103 0.469977 0.574359
0.907852 0.469934 0.563604
0.899303 0.469915 0.55294
0.890491 0.469901 0.542364
0.881447 0.469891 0.531883
0.872236 0.469902 0.521476
0.863005 0.469953 0.511042
0.854032 0.47005 0.500345
0.8563 0.453056 0.499261
0.858675 0.435983 0.498104
0.867619 0.436363 0.508491
0.876586 0.436744 0.518771
0.885342 0.437104 0.529174
0.893807 0.437414 0.539783
0.901993 0.437642 0.550601
0.909948 0.437773 0.5616
0.917721 0.437817 0.572743
0.925344 0.437816 0.583989
0.932815 0.43783 0.595317
0.940093 0.437912 0.60674
0.947102 0.438086 0.618322
0.953754 0.438335 0.630153
0.959976 0.438609 0.642312
0.965727 0.438847 0.654818
0.970988 0.439005 0.667616
0.975755 0.439074 0.680595
0.98004 0.439079 0.69363
0.983884 0.439052 0.706624
0.987336 0.439015 0.719529
0.990417 0.438967 0.73235
0.993062 0.438889 0.745139
0.995108 0.438755 0.75797
0.996317 0.438545 0.770919
0.996438 0.438248 0.784047
0.995298 0.437862 0.797375
0.992875 0.43739 0.810883
0.989319 0.43684 0.824504
0.984897 0.436227 0.83814
0.979891 0.435566 0.85168
0.974508 0.434871 0.865016
0.96885 0.434151 0.878061
0.962931 0.433412 0.89075
0.956705 0.432661 0.903041
0.950092 0.431911 0.914896
0.942993 0.431181 0.926283
0.935311 0.430492 0.937166
0.926972 0.429856 0.947532
0.917958 0.429267 0.957406
0.90835 0.428691 0.966891
0.898366 0.428069 0.976191
0.888388 0.427334 0.985604
0.889358 0.410451 0.985497
0.890741 0.393595 0.985397
0.900331 0.394244 0.97594
0.909994 0.394794 0.966567
0.919393 0.395314 0.956981
0.928315 0.395866 0.946969
0.936654 0.396486 0.936419
0.944387 0.397181 0.925301
0.951546 0.397941 0.913646
0.958203 0.398743 0.901517
0.964458 0.399563 0.888992
0.970435 0.400381 0.87615
0.976252 0.401169 0.863077
0.98197 0.401896 0.84986
0.987505 0.402527 0.83659
0.992559 0.403032 0.823355
0.996655 0.403407 0.81023
0.999291 0.403669 0.797254
1.00015 0.403855 0.784424
0.999251 0.403996 0.771689
0.996969 0.404109 0.75897
0.993894 0.404197 0.746182
0.990593 0.404265 0.733264
0.987378 0.404335 0.720197
0.984229 0.404437 0.707013
0.980874 0.404584 0.693792
0.976966 0.404763 0.680656
0.972244 0.404928 0.667753
0.966612 0.405031 0.655212
0.960137 0.405051 0.643099
0.953006 0.405012 0.63137
0.945484 0.404969 0.619876
0.937856 0.404968 0.608419
0.930357 0.405021 0.596838
0.923116 0.405092 0.585075
0.916129 0.405111 0.573192
0.909287 0.405009 0.561321
0.902428 0.404748 0.549609
0.895375 0.404333 0.538173
0.887979 0.403796 0.527088
0.880147 0.403185 0.516371
0.871898 0.402545 0.505947
0.863422 0.401904 0.495582
0.865407 0.385041 0.494641
0.866849 0.368386 0.494358
0.874878 0.368905 0.504938
0.882516 0.369449 0.515656
0.889606 0.369997 0.526739
0.896189 0.370506 0.538253
0.902443 0.370928 0.550143
0.908625 0.371229 0.562274
0.915004 0.3714 0.574461
0.921787 0.371465 0.586511
0.929054 0.37147 0.598285
0.936728 0.371458 0.609755
0.944579 0.371446 0.621029
0.952279 0.371412 0.632325
0.959497 0.371316 0.643881
0.96598 0.371131 0.655855
0.971599 0.370864 0.668286
0.976379 0.370559 0.681108
0.980529 0.37027 0.694201
0.984441 0.370031 0.70744
0.988594 0.369836 0.720711
0.993318 0.369654 0.733918
0.998502 0.369462 0.74698
1.00345 0.369272 0.759848
1.00709 0.369128 0.772517
1.0085 0.369067 0.785026
1.00727 0.369078 0.797455
1.0036 0.369092 0.809912
0.998137 0.369019 0.822498
0.991734 0.368786 0.835263
0.985146 0.368364 0.848193
0.978776 0.367765 0.861213
0.972649 0.36703 0.874212
0.966557 0.3662 0.887063
0.960244 0.365316 0.899646
0.953524 0.364414 0.91186
0.946309 0.363533 0.923636
0.938589 0.362716 0.934929
0.930392 0.361994 0.945721
0.921778 0.361377 0.956036
0.912846 0.36084 0.965965
0.903771 0.360323 0.975687
0.894823 0.359755 0.98546
0.89723 0.342676 0.985655
0.899573 0.325459 0.985919
0.907955 0.32609 0.975757
0.916517 0.326734 0.965642
0.925067 0.327457 0.955397
0.933492 0.328306 0.944917
0.941701 0.329287 0.934153
0.949573 0.330363 0.923054
0.956951 0.331465 0.91155
0.963701 0.332521 0.899566
0.969831 0.333471 0.887093
0.975556 0.334281 0.874225
0.981259 0.334931 0.86114
0.987311 0.335403 0.848041
0.993807 0.335685 0.835088
1.00037 0.335787 0.822353
1.00618 0.335765 0.809799
1.01027 0.335711 0.797309
1.01191 0.335719 0.784736
1.01086 0.335839 0.771982
1.00749 0.336041 0.759034
1.00259 0.336249 0.745952
0.997092 0.3364 0.732826
0.991657 0.336491 0.71973
0.986517 0.336566 0.706702
0.981578 0.336673 0.693751
0.976641 0.336836 0.680885
0.971537 0.337034 0.668133
0.966142 0.33722 0.655564
0.960346 0.33734 0.643267
0.954052 0.337361 0.631308
0.947228 0.337286 0.619679
0.939972 0.337144 0.608275
0.932509 0.336973 0.596926
0.92512 0.336803 0.585468
0.918038 0.336641 0.573811
0.911345 0.336483 0.561983
0.904926 0.33632 0.550122
0.898515 0.336149 0.538433
0.891804 0.335979 0.527106
0.884562 0.335831 0.516238
0.876731 0.33572 0.505777
0.868477 0.335643 0.495478
0.869236 0.319328 0.496053
0.87021 0.302865 0.49616
0.878672 0.302449 0.506168
0.886856 0.302044 0.51628
0.894564 0.301688 0.526762
0.901795 0.301397 0.537694
0.908704 0.301184 0.549003
0.915507 0.301071 0.560527
0.922382 0.301081 0.572104
0.929374 0.301226 0.58364
0.936383 0.301492 0.595144
0.943218 0.301837 0.606707
0.949711 0.3022 0.61844
0.955795 0.30252 0.630419
0.961539 0.302753 0.642648
0.96709 0.302891 0.655068
0.972581 0.302958 0.667594
0.978048 0.302999 0.68016
0.983407 0.303062 0.69275
0.9885 0.303174 0.70539
0.993155 0.303326 0.718134
0.997206 0.303476 0.731025
1.00048 0.303573 0.744073
1.00275 0.303581 0.757235
1.00378 0.303507 0.770431
1.00337 0.30339 0.783583
1.0015 0.303265 0.796664
0.998391 0.303138 0.809712
0.994501 0.30298 0.822814
0.990353 0.302752 0.836047
0.986296 0.302424 0.849423
0.982352 0.301973 0.862845
0.97824 0.301374 0.876109
0.973538 0.300599 0.888963
0.967898 0.299627 0.901204
0.961207 0.298474 0.91277
0.953618 0.297197 0.923771
0.945442 0.295886 0.934419
0.936987 0.294629 0.944903
0.928455 0.293482 0.955319
0.919949 0.292461 0.965692
0.911546 0.291543 0.976053
0.903383 0.290689 0.986492
0.904812 0.273247 0.986806
0.90612 0.255866 0.987206
0.914437 0.257004 0.976687
0.923009 0.258224 0.966211
0.931668 0.259504 0.95571
0.940306 0.260818 0.945174
0.948805 0.262126 0.934596
0.956971 0.263382 0.923902
0.964516 0.264528 0.91293
0.97113 0.265514 0.901486
0.976607 0.266315 0.889447
0.980939 0.266944 0.876827
0.984318 0.26744 0.863763
0.987045 0.267848 0.850441
0.989419 0.268203 0.837023
0.991645 0.268519 0.823605
0.993778 0.268795 0.810213
0.995738 0.269021 0.796834
0.997341 0.269185 0.783447
0.998362 0.269275 0.770059
0.998576 0.269286 0.75671
0.99781 0.269228 0.743457
0.995978 0.269123 0.73035
0.9931 0.268999 0.717413
0.989302 0.268878 0.704639
0.984783 0.26876 0.691996
0.979774 0.268627 0.679449
0.974482 0.268443 0.66697
0.969042 0.268179 0.654556
0.963495 0.267817 0.64223
0.957802 0.267369 0.630026
0.951888 0.266874 0.617974
0.945695 0.266395 0.606079
0.939219 0.266004 0.59432
0.932506 0.265765 0.582657
0.92562 0.265718 0.571062
0.918604 0.265869 0.55955
0.911449 0.266198 0.548182
0.904099 0.266667 0.537053
0.896492 0.267238 0.526241
0.888615 0.267883 0.515752
0.880554 0.268569 0.505474
0.872517 0.269246 0.495144
0.873583 0.252066 0.494564
0.874505 0.234626 0.494272
0.882089 0.234081 0.505114
0.890016 0.233521 0.515711
0.898041 0.232975 0.52632
0.905994 0.23246 0.537088
0.913775 0.232001 0.548071
0.921332 0.231636 0.55926
0.928634 0.231407 0.570624
0.935661 0.231349 0.582129
0.942395 0.231474 0.593758
0.948829 0.23177 0.605508
0.954971 0.232194 0.617384
0.96084 0.232687 0.629392
0.966462 0.23318 0.641533
0.971853 0.233611 0.653808
0.977001 0.233933 0.666215
0.981857 0.234123 0.678759
0.986336 0.234186 0.691449
0.990331 0.234146 0.704299
0.99374 0.234044 0.717318
0.996486 0.23392 0.730507
0.998536 0.233803 0.743845
0.999894 0.233701 0.757293
1.00059 0.233594 0.770794
1.00065 0.23345 0.784283
1.00012 0.233236 0.797711
0.999016 0.232942 0.811047
0.99736 0.232584 0.824282
0.995158 0.232196 0.837417
0.992391 0.231815 0.850445
0.989 0.231461 0.863336
0.984899 0.231126 0.87603
0.979998 0.230772 0.888455
0.974247 0.230344 0.900557
0.967675 0.229785 0.912328
0.960384 0.229048 0.923806
0.952513 0.228108 0.935045
0.944193 0.226966 0.946072
0.935541 0.225659 0.956887
0.926681 0.22426 0.967484
0.917785 0.222865 0.977897
0.909092 0.221568 0.988228
0.910794 0.204727 0.988539
0.912383 0.188056 0.988369
0.921603 0.189203 0.978504
0.930855 0.190486 0.968408
0.93989 0.19178 0.957947
0.948533 0.192946 0.947069
0.956688 0.193876 0.935792
0.96432 0.194524 0.924173
0.971433 0.194921 0.912284
0.978045 0.195153 0.900187
0.98418 0.195335 0.887932
0.989845 0.195578 0.875552
0.995019 0.19596 0.863067
0.99962 0.196506 0.850475
1.0035 0.197175 0.83776
1.00647 0.197878 0.824895
1.00835 0.198501 0.811854
1.00901 0.198949 0.798623
1.00849 0.199186 0.785212
1.00694 0.199254 0.771658
1.00463 0.199251 0.758026
1.00183 0.199282 0.744393
0.998691 0.199399 0.730839
0.995289 0.199587 0.717429
0.991601 0.19978 0.704206
0.987585 0.199899 0.691196
0.983219 0.199885 0.678405
0.97851 0.199718 0.665829
0.973487 0.199413 0.653451
0.968185 0.19902 0.641249
0.962636 0.198601 0.629198
0.956859 0.198227 0.617271
0.950852 0.197954 0.605448
0.944598 0.197817 0.593722
0.938063 0.197825 0.582099
0.931209 0.197958 0.570603
0.924004 0.198172 0.559272
0.916437 0.198416 0.548148
0.908532 0.19864 0.537259
0.900359 0.198811 0.526596
0.892057 0.198921 0.516081
0.883849 0.198986 0.50554
0.876051 0.199032 0.494689
0.876757 0.181083 0.495195
0.877421 0.163322 0.495741
0.885972 0.163824 0.50609
0.894738 0.164311 0.516239
0.903324 0.164707 0.526522
0.911494 0.164962 0.537117
0.919146 0.165062 0.548077
0.926277 0.16503 0.559365
0.93295 0.164913 0.570903
0.939264 0.164776 0.582597
0.945326 0.164682 0.594367
0.951226 0.164684 0.606164
0.957019 0.164805 0.617976
0.962711 0.165041 0.629826
0.968274 0.165356 0.641763
0.973648 0.165694 0.653845
0.978774 0.165993 0.666133
0.983606 0.166196 0.678674
0.988139 0.16628 0.691495
0.992421 0.16626 0.7046
0.996542 0.166195 0.717966
1.00059 0.166167 0.731544
1.0046 0.166233 0.745263
1.00841 0.166379 0.759031
1.01171 0.166504 0.77275
1.01407 0.16646 0.786328
1.01513 0.166134 0.799696
1.01466 0.165502 0.812819
1.01267 0.164635 0.825696
1.00933 0.163664 0.838354
1.0049 0.162734 0.85084
0.999673 0.16196 0.863207
0.993892 0.161399 0.875505
0.98773 0.161037 0.887758
0.981267 0.160793 0.899957
0.974501 0.160541 0.912046
0.967371 0.160152 0.923934
0.959791 0.159536 0.935504
0.95168 0.158675 0.94664
0.942995 0.157638 0.957249
0.933757 0.156555 0.967293
0.924077 0.155573 0.976821
0.914171 0.154801 0.985994
0.914206 0.137995 0.984003
0.913924 0.121053 0.98199
0.924448 0.12165 0.973528
0.934576 0.122559 0.964678
0.944125 0.123692 0.955251
0.953041 0.124889 0.945185
0.961364 0.125988 0.934512
0.969185 0.126881 0.923332
0.976609 0.127543 0.911775
0.983714 0.128032 0.899973
0.990508 0.128454 0.888031
0.996912 0.128921 0.876006
1.00276 0.129516 0.863907
1.00784 0.130269 0.851703
1.01193 0.131153 0.839348
1.01482 0.132095 0.826791
1.01637 0.132987 0.813993
1.01649 0.133715 0.800929
1.01524 0.134192 0.787599
1.01281 0.134392 0.774029
1.00953 0.13437 0.760277
1.00578 0.134227 0.746426
1.00184 0.134055 0.732577
0.997841 0.133892 0.718838
0.993761 0.133726 0.70531
0.989492 0.133522 0.692074
0.984926 0.133257 0.679178
0.980004 0.132938 0.666632
0.974738 0.1326 0.654401
0.969197 0.132292 0.642416
0.963484 0.132059 0.630585
0.957706 0.131932 0.618812
0.951939 0.131919 0.607015
0.946202 0.131995 0.595147
0.940444 0.13211 0.583216
0.93454 0.132198 0.571287
0.928315 0.13219 0.559481
0.921578 0.132035 0.547952
0.914173 0.13171 0.536853
0.906021 0.131227 0.526281
0.897177 0.130624 0.516225
0.887889 0.12996 0.506498
0.878636 0.129305 0.496705
0.87928 0.1132 0.497087
0.88006 0.0974287 0.497378
0.889383 0.0977796 0.507077
0.898812 0.0981496 0.516681
0.907821 0.0985355 0.526634
0.916129 0.0989055 0.537149
0.92367 0.099209 0.548237
0.930538 0.0994007 0.559777
0.936915 0.099463 0.571589
0.943014 0.0994149 0.583499
0.94902 0.099305 0.595377
0.955045 0.0991958 0.607163
0.961113 0.0991461 0.618866
0.967161 0.099199 0.630555
0.973067 0.0993755 0.642335
0.978686 0.0996741 0.654322
0.983891 0.100074 0.666614
0.988606 0.10054 0.679278
0.992828 0.101029 0.69233
0.996627 0.101503 0.705734
1.00012 0.101928 0.71941
1.00343 0.10228 0.733251
1.00663 0.102528 0.747145
1.00968 0.10263 0.760994
1.01241 0.102536 0.774719
1.01458 0.102211 0.788262
1.01594 0.101663 0.801586
1.01626 0.100945 0.814671
1.01539 0.100143 0.82751
1.01322 0.0993499 0.840107
1.00974 0.0986372 0.85248
1.00504 0.0980368 0.864659
0.999264 0.09753 0.876678
0.992678 0.0970494 0.888565
0.985531 0.096493 0.900321
0.978012 0.0957514 0.911895
0.970196 0.0947428 0.923183
0.962057 0.0934502 0.934046
0.953507 0.0919488 0.944355
0.944451 0.0904084 0.954035
0.934829 0.0890554 0.963106
0.924665 0.0880927 0.971703
0.914134 0.0875969 0.980072
0.921813 0.096366 0.973941
0.929543 0.10551 0.967995
0.93703 0.114863 0.961866
0.944083 0.124299 0.955323
0.950615 0.133724 0.948257
0.956615 0.14307 0.940659
0.962119 0.152293 0.93258
0.967186 0.161383 0.924112
0.971871 0.170363 0.91536
0.976208 0.179287 0.906427
0.980198 0.188224 0.897397
0.983782 0.19724 0.888316
0.986846 0.206373 0.87919
0.989246 0.21563 0.869987
0.990872 0.224989 0.860652
0.99173 0.234417 0.851134
0.992003 0.243877 0.841399
0.992068 0.253329 0.831457
0.99243 0.262724 0.821367
0.993574 0.271999 0.811233
0.995751 0.281092 0.801171
0.998805 0.289961 0.791276
1.00212 0.298604 0.781593
1.00479 0.307071 0.772112
1.00594 0.315437 0.762789
1.00504 0.323774 0.75356
1.0021 0.332132 0.744364
0.997683 0.340544 0.735139
0.992732 0.349038 0.725815
0.988136 0.357636 0.716336
0.984357 0.366347 0.706689
0.98132 0.375163 0.696917
0.978591 0.384053 0.687113
0.975665 0.392963 0.677375
0.972215 0.401823 0.667775
0.968185 0.410571 0.658333
0.96372 0.419169 0.649034
0.95901 0.427616 0.639868
0.954168 0.435936 0.630859
0.949185 0.444163 0.622068
0.943977 0.452326 0.613565
0.938452 0.460443 0.605387
0.93256 0.468527 0.597519
0.926305 0.476592 0.589888
0.919736 0.48466 0.582384
0.912919 0.492758 0.574886
0.905917 0.500915 0.567296
0.898771 0.509151 0.559567
0.891503 0.517464 0.551714
0.884128 0.525822 0.543801
0.876674 0.534151 0.535901
0.869216 0.542357 0.528047
0.861899 0.550368 0.520186
0.854959 0.558209 0.512154
0.848741 0.566072 0.503665
0.849119 0.583711 0.501116
0.850969 0.604241 0.497923
