0.835506 0.794302 0.1
0.785418 0.792744 0.1
0.750472 1.14809 0.1
-0.101271 0.96365 0.1
-0.0986848 0.911958 0.1
0.755504 1.09692 0.1
0.760535 1.04576 0.1
-0.096099 0.860266 0.1
-0.0935131 0.808574 0.1
0.765567 0.994599 0.1
0.770598 0.943437 0.1
-0.0909273 0.756882 0.1
-0.0883415 0.70519 0.1
0.775629 0.892274 0.1
0.780661 0.841112 0.1
-0.0857556 0.653498 0.1
-0.0831698 0.601806 0.1
0.785314 0.789868 0.1
0.783427 0.737207 0.1
-0.080584 0.550114 0.1
-0.0779981 0.498422 0.1
0.781539 0.684546 0.1
0.779651 0.631885 0.1
-0.0754123 0.44673 0.1
-0.0587695 0.398081 0.1
0.777763 0.579225 0.1
0.775875 0.526564 0.1
0.234711 0.40938 0.1
0.528191 0.420678 0.1
0.773988 0.473903 0.1
0.785418 0.792744 0.1
0.835506 0.794302 0.1
