1.37214 -0.239381 -2.63908 0.998353 1.68504 -1.37969 
1.3721 -0.529097 -2.37575 0.998413 1.68504 -1.37975 
1.36955 -0.733112 -2.08937 0.998389 1.68509 -1.37971 
1.35166 -0.914707 -1.84897 0.844792 1.68532 -1.37974 
1.35385 -0.889482 -1.86642 0.322458 1.6855 -1.37965 
1.35383 -0.459201 -1.86637 -0.0654705 1.68531 -1.37965 
1.35382 -0.141076 -1.55572 -0.659034 1.68531 -1.3797 
1.35315 -0.113138 -1.06478 -1.40107 1.68526 -1.37969 
1.35419 -0.113173 -1.06482 -1.40186 1.68513 -0.0964463 
1.77383 -0.207339 -1.0846 -1.40153 1.67638 -0.0965059 
2.04083 -0.207231 -1.08452 -1.40154 1.67638 -0.096494 
2.46661 -0.20728 -1.08453 -1.40162 1.67636 -0.0964821 
2.46489 -0.207291 -1.08387 -0.987122 1.67627 -0.0964821 
2.27582 -0.262308 -1.71056 -0.327112 1.67839 -0.0959552 
2.27566 -0.262297 -2.23322 0.435405 1.67805 -0.285356 
2.33829 -0.195696 -2.2911 0.616387 1.18314 0.317195 
2.54786 -0.551717 -1.92807 0.521296 0.897939 0.317219 
2.60048 -0.382195 -1.62827 0.214948 0.897639 0.302308 
2.60057 -0.382147 -1.67508 -0.470586 0.897639 -0.172353 
2.02883 -0.258508 -1.20727 -1.15356 0.897759 -0.172341 
1.52758 -0.236802 -0.947479 -1.40391 1.5192 0.259981 
1.21591 -0.236802 -0.947347 -1.40382 1.51921 0.259945 
1.05151 0.0618554 -0.944688 -1.55731 1.51938 0.258796 
0.974317 0.139927 -0.918774 -1.45098 1.51939 0.258784 
1.352 0.00803506 -1.67197 -1.22927 1.96174 0.25882 
1.35275 -0.306775 -1.98284 -0.469207 1.89314 0.258879 
1.3838 -0.825108 -1.76752 -0.26838 1.89319 0.258724 
1.38376 -0.825204 -1.76782 -0.268692 1.89317 0.267239 
1.35007 -0.955668 -1.76782 -0.261862 0.762353 1.64115 
1.13804 -1.13104 -1.79354 0.0700871 1.68871 1.64035 
1.7268 -0.56076 -1.82431 -0.570752 1.68852 1.64044 
1.70932 -0.477346 -2.29325 0.681009 1.68847 0.314165 
1.70932 -0.477346 -2.29325 0.681009 1.68847 0.314165 
